0.91218,0.86316,0.93048,0.91642,0.89784,0.87261,0.81371,0.89009,0.34649,0.55731,0.72453,0.46129,0.90675,0.83249,0.6149,0.9094,0.78471,0.72884,0.67817,0.5942,0.75599,0.58862,0.87047,0.85319,0.64885,0.70856,0.56816,0.27686,0.61943,0.59425,0.084015,0.40457,0.59815,0.87381,0.81743,0.8628,0.93534,0.92474,0.95713,0.92241,0.6379,0.72342,0.92584,0.8349,0.95216,0.96376,0.94096,0.92292,0.59702,0.8359,0.91146,0.91531,0.80528,0.91579,0.55817,0.34734,0.80645,0.48596,0.60163,0.41617,0.10075,0.26199,0.43522,0.51942,0.3913,0.25601,0.17079,0.42402,0.29231,0.6026,0.69871,0.62234,0.78575,0.42371,0.39193,0.82983,0.52097,0.7303,0.70281,0.8226,0.61288,0.51098,0.7721,0.84048,0.95909,0.90914,0.87145,0.92832,0.91112,0.86127,0.94701,0.92317,0.72623,0.80336,0.85216,0.43056,0.64354,0.70686,0.53114,0.78971,0.64489,0.57462,0.25719,0.82162,0.42293,0.37543,0.57364,0.7406,0.75879,0.72161,0.36312,0.78503,0.53511,0.7615,0.35261,0.56089,0.69144,0.83708,0.81108,0.76449,0.79226,0.69243,0.65846,0.88298,0.68286,0.7526,0.65596,0.76381,0.86815,0.51454,0.73741,0.90887,0.68305,0.74356,0.84853,0.68946,0.79839,0.81889,0.90247,0.73562,0.82162,0.43032,0.11971,0.43473,0.6588,0.29084,0.79375,0.18822,0.32114,0.45396,0.12051,0.55374,0.83864,0.72649,0.82254,0.68705,0.6854,0.5025,0.52821,0.65115,0.80067,0.78438,0.48277,0.58487,0.93617,0.95045,0.9358,0.91816,0.69436,0.9399,0.92988,0.97501,0.85711,0.87428,0.85958,0.76375,0.83923,0.71697,0.73737,0.6055,0.39615,0.3283,0.47185,0.66757,0.83425,0.79067,0.93575,0.82912,0.65078,0.61745,0.38851,0.35758,0.81624,0.8393,0.76838,0.47992,0.50915,0.50555,0.69178,0.92198,0.58994,0.69213,0.25774,0.71726,0.75772,0.86889,0.70161,0.67911,0.8966,0.92976,0.94202,0.94254,0.80098,0.58862,0.84349,0.94483,0.94838,0.97522,0.88889,0.94975,0.91479,0.78601,0.78112,0.65706,0.3509,0.63394,0.72832,0.60315,0.26144,0.30283,0.43129,0.4071,0.5248,0.45008,0.47612,0.41792,0.66151,0.51038,0.51908,0.70523,0.18204,0.69159,0.49193,0.49994,0.74407,0.33205,0.38519,0.72412,0.81408,0.12927,0.49172,0.79224,0.86055,0.79535,0.74507,0.77419,0.8794,0.57805,0.81265,0.78809,0.99305,0.96489,0.93395,0.88,0.90963,0.81239,0.79831,0.91262,0.91803,0.92458,0.93495,0.95255,0.95526,0.94926,0.89024,0.95411,0.81075,0.93392,0.13497,0.76099,0.54047,0.44857,0.27535,0.9188,0.78835,0.65451,0.72177,0.88338,0.80929,0.76058,0.76366,0.48458,0.45355,0.74114,0.87437,0.92313,0.84403,0.67343,0.41771,0.63126,0.93823,0.96012,0.9138,0.89042,0.86455,0.98152,0.98931,0.9777,0.97068,0.96758,0.9899,0.98662,0.97315,0.9751,0.77026,0.86182,0.55174,0.89155,0.8592,0.77985,0.41692,0.66552,0.66721,0.83185,0.42775,0.55963,0.40838,0.69561,0.47143,0.70991,0.79481,0.272,0.53804,0.54057,0.46392,0.35801,0.73477,0.57929,0.3326,0.66488,0.65283,0.29542,0.78444,0.69634,0.49577,0.72422,0.8573,0.86858,0.79675,0.84127,0.77574,0.79294,0.76823,0.68934,0.89576,0.89728,0.86717,0.69948,0.71086,0.83276,0.28432,0.74893,0.5426,0.37382,0.38955,0.76169,0.7357,0.46351,0.64672,0.78664,0.037939,0.3732,0.76567,0.57352,0.73604,0.39117,0.67338,0.46888,0.49881,0.17239,0.71015,0.648,0.2346,0.56452,0.42702,0.5382,0.035475,0.72931,0.63531,0.3832,0.59883,0.87409,0.63418,0.83894,0.69132,0.69791,0.71224,0.8097,0.70371,0.74672,0.65394,0.97454,0.99386,0.98726,0.97464,0.97397,0.91877,0.83891,0.8593,0.93893,0.76632,0.72766,0.939,0.87029,0.71281,0.50861,0.7516,0.60331,0.72971,0.08091,0.76994,0.67655,0.19701,0.5205,0.36928,0.80873,0.26471,0.66948,0.34514,0.59121,0.76704,0.60146,0.6731,0.68042,0.94104,0.90102,0.80148,0.83064,0.69576,0.70092,0.94001,0.97188,0.91207,0.88788,0.86575,0.82611,0.91782,0.89281,0.93824,0.92448,0.81155,0.81245,0.86442,0.87995,0.84778,0.81684,0.57016,0.71545,-0.24127,0.63055,0.72021,0.85543,0.44361,0.12456,0.65521,0.21681,0.73631,0.62823,0.68571,0.54591,0.46897,0.07621,0.71853,0.75568,0.71224,0.066907,0.7689,0.6443,0.7973,0.75029,0.10169,0.61466,0.68195,0.60418,0.81498,0.70507,0.46399,0.7973,0.65776,0.69491,0.86889,0.80562,0.93904,0.94914,0.92874,0.76712,0.92615,0.94296,0.93875,0.87132,0.82881,0.020315,0.52152,0.86883,0.57638,0.70149,0.74483,0.69539,0.56738,0.57353,0.38875,0.74743,0.7565,0.70974,0.7254,0.75287,0.59371,0.76538,0.44254,0.43656,0.54245,0.2296,0.63013,0.68399,0.39513,0.72607,0.79992,0.51737,0.76745,0.41392,0.75567,0.74472,0.60994,0.92291,0.81272,0.89067,0.91098,0.8948,0.84251,0.63593,0.91268,0.86867,0.65513,0.18398,0.48898,0.1975,0.72815,0.11427,0.11676,0.83233,0.3328,0.46648,0.74923,0.52791,0.24738,0.51912,0.80143,0.62131,0.48402,0.61734,0.77338,0.5354,0.37253,0.46175,0.61327,0.49422,0.66159,0.68112,0.68473,0.26841,0.44414,0.46559,0.31148,0.48551,0.88523,0.81694,0.65913,0.86723,0.85598,0.84975,0.93951,0.9155,0.85817,0.83403,0.89912,0.65673,0.56262,0.58543,0.6989,0.70636,0.70214,0.75629,0.75934,0.65273,0.29512,0.54673,0.77642,0.75356,0.6627,0.70416,0.74666,0.55562,0.59327,0.87126,0.43275,0.32329,0.39734,0.22347,0.54176,0.76429,0.75494,0.56477,0.6683,0.48088,0.60593,0.57602,0.64427,0.81876,0.90043,0.90938,0.77612,0.87154,0.40984,0.84655,0.79971,0.74093,0.35377,0.11436,0.53533,0.76482,0.86154,0.78428,0.69562,0.65887,0.53031,0.24722,0.68193,0.78195,0.50564,0.5916,0.14749,0.39179,0.46116,0.63064,0.59221,0.49475,-0.060096,0.58983,0.81141,0.66177,0.75934,0.76775,0.79587,0.34747,0.6145,0.74104,0.66219,0.61999,0.45914,0.51459,0.90808,0.91708,0.97772,0.9485,0.75986,0.90858,0.87072,0.86651,0.8077,0.45573,0.78458,0.68455,0.64396,0.24698,0.53195,0.54476,0.38781,-0.010995,0.081857,0.14273,0.26164,0.67024,0.088924,0.12814,-0.098344,0.62133,0.29919,0.66731,0.53648,0.44903,0.074392,0.7442,0.74149,0.69556,0.84256,0.71832,0.94952,0.94788,0.73953,0.96608,0.9661,0.96671,0.98635,0.9851,0.99403,0.98886,0.97046,0.9273,0.85473,0.6498,0.91304,0.97698,0.93547,0.92633,0.61931,0.96914,0.94688,0.90107,0.90676,0.91259,0.88976,0.83515,0.75069,0.50986,0.60124,0.30578,0.68061,0.55607,0.6221,0.82211,0.58913,0.76502,0.50739,0.57598,0.59853,0.16107,0.45768,0.67749,0.74089,0.80943,0.066992,0.39265,0.080918,0.81499,0.61263,0.83639,0.53793,0.39258,0.51929,0.9741,0.98952,0.99199,0.99433,0.95657,0.98562,0.95353,0.89829,0.93364,0.91069,0.93328,0.75952,0.56116,0.60067,0.71834,0.68744,0.68771,0.59377,0.61391,0.60889,0.66429,0.53842,0.26022,0.24843,0.30488,0.46458,0.70283,0.74331,0.78801,0.79382,0.17851,0.60636,0.52563,0.71458,0.88009,0.80651,0.76372,0.8626,0.74612,0.51307,0.63557,0.35748,0.12085,0.67414,0.64738,0.75014,0.64732,0.062358,0.11074,0.88944,0.65209,0.86539,0.88925,0.53549,0.7801,0.84708,0.48852,0.8428,0.67659,0.16112,0.41986,0.36701,0.82813,0.51191,0.68268,0.51941,0.43689,0.8505,0.76678,0.33915,0.62705,0.54148,0.567,0.43988,0.62324,0.56261,0.73455,0.44693,0.71788,0.50692,0.3715,0.5064,0.69339,0.42729,0.24051,0.46766,0.577,0.4949,0.8758,0.90701,0.70456,0.8014,0.92471,0.84987,0.71557,0.5085,0.91482,0.9941,0.98174,0.98344,0.9906,0.97171,0.95885,0.93668,0.77111,0.85844,0.83775,0.80016,0.92626,0.79119,0.84231,0.87271,0.64271,0.031409,0.75987,0.48546,0.76352,0.27012,0.68082,0.71276,0.74282,0.74085,0.58498,0.4338,0.625,0.65921,0.91679,0.6021,0.64888,0.82337,0.94659,0.91573,0.85692,0.87596,0.80758,0.86869,0.96128,0.95631,0.93422,0.93082,0.92456,0.75404,0.91196,0.88076,0.82594,0.88814,0.82832,0.84199,0.76602,0.55402,0.77436,0.44483,0.32452,0.28885,0.27061,0.23624,0.5786,0.28826,0.67119,0.55041,0.29053,0.46886,0.081888,0.56243,0.2518,0.68256,0.81333,0.25231,0.71184,0.66007,0.334,0.67882,0.61718,0.39647,0.33517,0.30744,0.72933,0.78441,0.32146,0.7482,0.61065,0.60711,0.67761,0.77908,0.41447,0.89939,0.70903,0.83464,0.81615,0.80876,0.84139,0.88372,0.94799,0.83597,0.91498,0.95958,0.9224,0.85026,0.82443,0.86104,0.58925,0.73425,0.27194,0.66836,0.49914,0.54253,0.48226,0.54091,0.042328,0.45912,0.35325,0.63862,0.58896,0.58897,0.44798,0.57074,0.54044,0.35662,0.55763,0.51269,0.6936,0.32865,0.62417,0.66049,0.8843,0.61681,0.63713,0.84741,0.8188,0.86199,0.83985,0.85655,0.84045,0.91934,0.90459,0.88643,0.79495,0.74055,0.76812,0.42593,0.33159,0.51373,0.37559,0.43841,0.63303,0.31276,0.28377,0.66991,0.41103,0.57285,0.36986,0.47938,0.53194,0.54373,0.61128,0.61542,0.83198,0.72767,0.77842,0.55043,0.38532,0.21056,0.649,0.62365,0.85425,0.84687,0.76487,0.40655,0.6642,0.79092,0.85785,0.74272,0.72985,0.69838,0.6222,0.68604,0.73686,0.80451,0.93188,0.92597,0.85194,0.86645,0.90345,0.77548,0.41357,0.70334,0.20935,0.74994,0.46701,0.20406,0.23804,0.65209,0.73277,0.73454,0.72017,0.47754,0.54416,0.54841,0.67234,0.66083,0.31067,0.4717,0.43954,0.50423,0.64267,0.82744,0.063689,0.62444,0.7177,0.79674,0.82152,0.87149,0.83295,0.73185,0.83537,0.45021,0.73114,0.45884,0.57975,0.50226,0.51987,-0.019725,0.70448,0.57502,0.54013,0.34469,0.60394,0.50403,0.56688,0.66817,0.70568,0.23117,0.54328,0.55461,0.30805,0.65188,0.76642,0.54736,0.69358,0.72941,0.65876,0.78536,0.63628,0.37647,0.22696,0.65994,0.59526,0.68689,0.71014,0.54541,0.70182,0.83157,0.5944,0.68902,0.57763,0.82864,0.54748,0.66645,0.58451,0.99233,0.98923,0.97765,0.97827,0.915,0.85523,0.9054,0.95802,0.93761,0.83921,0.83978,0.60141,0.90292,0.64141,0.8149,0.86821,0.55577,0.81221,0.94471,0.68058,0.84412,0.75625,0.47024,0.5571,0.73379,0.83336,0.74601,0.86779,0.79657,0.90299,0.76183,0.89025,0.9056,0.91579,0.88423,0.77152,0.85168,0.71522,0.84248,0.68675,0.79332,0.84699,0.77402,0.87115,0.75903,0.92226,0.95052,0.83038,0.82743,0.90395,0.88543,0.80042,0.65827,0.5459,0.58029,0.72856,0.21238,0.86372,0.67276,0.76648,0.4083,0.54818,0.58001,0.40511,0.63815,0.46837,0.63637,0.72272,0.18753,0.29826,0.47179,0.15735,0.52097,0.64116,0.8324,0.70449,0.7487,0.58728,0.44544,0.85125,0.6823,0.81261,0.86335,0.90648,0.96555,0.87625,0.87282,0.97775,0.99424,0.99453,0.98669,0.98699,0.98963,0.95973,0.97142,0.97532,0.9594,0.96444,0.90395,0.72946,0.69735,0.89596,0.88679,0.64937,0.50865,0.57899,0.69542,0.75021,0.67615,0.63758,0.59806,0.65242,0.61894,0.57368,0.7546,0.51145,0.71019,0.87498,0.70551,0.89154,0.70852,0.63469,0.87464,0.75653,0.83088,0.91211,0.8074,0.73093,0.82577,0.57401,0.48776,0.74313,0.87187,0.8484,0.85305,0.84725,0.7807,0.90972,0.78469,0.83823,0.79324,0.90601,0.80983,0.88931,0.67282,0.89941,0.76197,0.62889,0.91139,0.95455,0.95192,0.52744,0.18285,0.86332,0.73307,0.69635,0.31373,0.38316,0.92047,0.76146,0.58658,0.72758,0.83094,0.70495,0.57495,0.91656,0.73983,0.73596,0.89999,0.79294,0.61424,0.71519,0.8706,0.96803,0.93996,0.79585,0.92967,0.72386,0.93876,0.95277,0.92817,0.94376,0.87569,0.99039,0.95973,0.95791,0.94175,0.93094,0.77096,0.8893,0.93503,0.78127,0.89041,0.75345,0.52913,0.77788,0.92614,0.67725,0.87319,0.91655,0.81186,0.57562,0.73718,0.74462,0.84551,0.65146,0.74219,0.74197,0.87126,0.82128,0.65207,0.71094,0.95932,0.82627,0.90137,0.76848,0.81203,0.96255,0.88659,0.93755,0.9459,0.88777,0.88464,0.96524,0.92534,0.71576,0.74931,0.64892,0.9096,0.91856,0.87601,0.84767,0.78466,0.8812,0.88957,0.62371,0.69041,0.80984,0.88918,0.9399,0.89323,0.57502,0.67341,0.68535,0.73071,0.63121,0.72407,0.81546,0.75209,0.92738,0.77001,0.82162,0.69486,0.58833,0.65576,0.96007,0.63042,0.60188,0.71333,0.80907,0.33806,0.45038,0.80748,0.28181,0.93777,0.90986,0.75451,0.9501,0.88949,0.842,0.89731,0.88428,0.73907,0.77265,0.88669,0.97276,0.92206,0.94257,0.86402,0.90076,0.84159,0.7351,0.92419,0.94294,0.89451,0.56647,0.86734,0.91464,0.72081,0.62621,0.66752,0.68637,0.81032,0.74294,0.66556,0.74253,0.58505,0.64565,0.74242,0.74765,0.90932,0.83312,0.93297,0.63633,0.44153,0.82608,0.84565,0.88059,0.83142,0.87843,0.83098,0.91587,0.85112,0.69807,0.79819,0.34923,0.66103,0.89474,0.76634,0.87734,0.87211,0.86079,0.56754,0.66096,0.86874,0.91728,0.78663,0.90969,0.92002,0.78327,0.62548,0.62474,0.94727,0.65692,0.40321,0.52401,0.65801,0.57461,0.87889,0.74553,0.91425,0.93891,0.77966,0.63774,0.86659,0.83042,0.74487,0.87375,0.68406,0.80588,0.86493,0.7344,0.68706,0.83449,0.90676,0.5393,0.62533,0.88839,0.83353,0.68815,0.93423,0.72309,0.60082,0.85748,0.87901,0.93998,0.8683,0.83414,0.71482,0.81114,0.87875,0.8707,0.84264,0.37606,0.33769,0.056349,0.87152,0.50841,0.73244,0.49096,0.92716,0.78602,0.87943,0.86661,0.72335,0.80666,0.62412,0.79652,0.6729,0.81811,0.93337,0.84036,0.87862,0.8227,0.69837,0.86525,0.84108,0.8929,0.81627,0.90686,0.90751,0.92319,0.90733,0.88199,0.44461,0.92704,0.91347,0.85814,0.84805,0.90885,0.86725,0.61302,0.50162,0.59928,0.74862,0.52978,0.66964,0.73582,0.59006,0.88803,0.70565,0.6809,0.69925,0.68849,0.48137,0.6632,0.63526,0.44806,0.6923,0.4805,0.64325,0.75822,0.8006,0.92208,0.88111,0.50524,0.73303,0.645,0.87106,0.96798,0.93019,0.96949,0.93329,0.89657,0.8972,0.81679,0.87586,0.84872,0.93439,0.88604,0.93443,0.87137,0.81598,0.8915,0.91281,0.69067,0.70879,0.48171,0.63166,0.95415,0.95976,0.87498,0.95344,0.94428,0.94118,0.94046,0.96764,0.91992,0.95284,0.96507,0.95496,0.88344,0.96955,0.97475,0.93102,0.94426,0.94289,0.81797,0.81912,0.95399,0.91328,0.97116,0.86864,0.96861,0.98237,0.9345,0.97088,0.89098,0.80043,0.78367,0.89091,0.9038,0.85973,0.9146,0.9155,0.89253,0.90846,0.94152,0.84833,0.74275,0.62735,0.89507,0.75494,0.84812,0.84349,0.72746,0.80346,0.83266,0.83172,0.94352,0.96935,0.86373,0.92898,0.97557,0.95923,0.93617,0.91882,0.93934,0.95886,0.78681,0.83547,0.9262,0.78162,0.86596,0.92926,0.96674,0.96924,0.98459,0.95541,0.98974,0.9606,0.92218,0.93019,0.9626,0.96903,0.9667,0.95292,0.95701,0.95046,0.9087,0.87766,0.93315,0.78293,0.6647,0.90579,0.56146,0.78765,0.68965,0.95894,0.69383,0.60144,0.76999,0.84225,0.73289,0.84458,0.96074,0.87352,0.58706,0.89544,0.57542,0.78134,0.90215,0.80675,0.91251,0.87429,0.93858,0.76482,0.49208,0.73769,0.62314,0.60811,0.52969,0.79903,0.95429,0.7692,0.92471,0.9018,0.88577,0.9647,0.89777,0.89528,0.85193,0.91257,0.90059,0.90193,0.90242,0.72971,0.55023,0.8528,0.7515,0.94382,0.91331,0.6814,0.28766,0.68065,0.67928,0.78857,0.80469,0.83529,0.7271,0.67452,0.85917,0.81258,0.91913,0.82801,0.85687,0.86927,0.77766,0.71151,0.73346,0.83381,0.89276,0.97999,0.95418,0.88635,0.94624,0.94783,0.86432,0.83141,0.78892,0.90366,0.90732,0.96755,0.97145,0.95207,0.97229,0.94926,0.98683,0.90424,0.94976,0.97089,0.97319,0.88515,0.91292,0.90086,0.91647,0.9131,0.59985,0.77782,0.88157,0.8418,0.84649,0.87927,0.97662,0.84979,0.76121,0.89886,0.92047,0.93519,0.81971,0.81821,0.89709,0.81741,0.8898,0.94027,0.87037,0.97163,0.86478,0.95376,0.94948,0.9751,0.97058,0.89841,0.95681,0.9507,0.93362,0.93768,0.89327,0.95066,0.92313,0.89592,0.90108,0.86705,0.86087,0.8944,0.84289,0.71257,0.73274,0.78449,0.62555,0.75587,0.54637,0.88166,0.29795,0.62673,0.57984,0.82147,0.83709,0.81388,0.87391,0.81489,0.57205,0.80049,0.62713,0.79557,0.42312,0.77863,0.68076,0.9358,0.94841,0.88841,0.88609,0.86449,0.76915,0.81079,0.90166,0.90327,0.67128,0.86618,0.90174,0.86635,0.86413,0.83454,0.9437,0.92132,0.96574,0.9529,0.92746,0.88055,0.95616,0.96938,0.96288,0.85571,0.97735,0.86819,0.9463,0.87679,0.9125,0.69111,0.90475,0.85736,0.94277,0.90963,0.90079,0.81452,0.92541,0.88555,0.96319,0.92752,0.84731,0.91058,0.95622,0.94649,0.94495,0.85391,0.92599,0.96411,0.71673,0.93468,0.7932,0.80667,0.90722,0.76352,0.8468,0.86126,0.70894,0.91372,0.92119,0.94863,0.94565,0.891,0.80318,0.93167,0.91467,0.91139,0.8669,0.8491,0.90932,0.92679,0.90754,0.48429,0.84143,0.74979,0.66622,0.92563,0.9111,0.94035,0.6947,0.69903,0.87215,0.9235,0.92571,0.89243,0.75498,0.87464,0.83619,0.88651,0.93555,0.71227,0.91325,0.9309,0.89931,0.82654,0.92446,0.8945,0.88892,0.86893,0.58885,0.97859,0.8305,0.98193,0.93661,0.95816,0.94833,0.93605,0.87477,0.9182,0.92436,0.86306,0.90842,0.86596,0.24204,0.91626,0.81171,0.61197,0.45376,0.65091,0.84531,0.77608,0.77715,0.90665,0.88108,0.72821,0.80683,0.92574,0.83226,0.87009,0.86572,0.83325,0.72223,0.96121,0.82863,0.79792,0.68549,0.80078,0.95089,0.89948,0.70536,0.94603,0.92129,0.84537,0.97405,0.94176,0.9116,0.94787,0.90915,0.76164,0.44941,0.92835,0.84055,0.92129,0.90713,0.77476,0.87617,0.90779,0.90531,0.96257,0.94964,0.82215,0.92245,0.848,0.8548,0.80934,0.75721,0.85383,0.8771,0.7676,0.85228,0.95671,0.87473,0.88034,0.66266,0.94294,0.83853,0.91815,0.92935,0.95578,0.76292,0.92696,0.96558,0.94173,0.94298,0.92506,0.89303,0.8229,0.8651,0.89513,0.89619,0.93467,0.88071,0.92386,0.76146,0.84026,0.84916,0.71623,0.70047,0.81226,0.84173,0.94853,0.89508,0.945,0.9445,0.84018,0.90526,0.96932,0.97497,0.96232,0.96461,0.97672,0.80542,0.87502,0.98769,0.99118,0.98504,0.94968,0.92811,0.956,0.94301,0.91123,0.98962,0.92574,0.96408,0.99171,0.98729,0.97845,0.95062,0.9902,0.97267,0.98727,0.97139,0.98996,0.95304,0.97302,0.96545,0.94106,0.95533,0.94623,0.80295,0.91775,0.63996,0.72959,0.83756,0.91921,0.93807,0.96173,0.82875,0.80156,0.90032,0.7671,0.92159,0.92842,0.92582,0.85489,0.93236,0.81706,0.76296,0.79353,0.91658,0.78245,0.86274,0.90027,0.86149,0.93235,0.84968,0.88175,0.83456,0.72914,0.83197,0.90211,0.95755,0.93047,0.93586,0.93984,0.83829,0.80825,0.95438,0.90854,0.90145,0.95794,0.94161,0.74161,0.96546,0.9545,0.8954,0.89404,0.88903,0.78931,0.46991,0.6008,0.69982,0.74329,0.76208,0.7534,0.73201,0.71849,0.64509,0.63776,0.83711,0.76887,0.4242,0.84405,0.3921,0.73923,0.39869,0.47193,0.74115,0.54483,0.30081,0.5578,0.6315,0.44672,0.62252,0.70099,0.74404,0.46454,0.32802,0.65555,0.54345,0.89267,0.69411,0.72891,0.92237,0.9345,0.86538,0.9456,0.92178,0.87715,0.85693,0.92857,0.68601,0.90202,0.89874,0.87906,0.89001,0.70904,0.83274,0.86484,0.81404,0.59282,0.5832,0.69235,0.79962,0.77575,0.83576,0.92514,0.77609,0.94629,0.83947,0.96285,0.90622,0.95126,0.90081,0.93642,0.96539,0.91941,0.85816,0.88016,0.94165,0.9684,0.95459,0.94557,0.94445,0.9018,0.95731,0.98256,0.95632,0.92952,0.99072,0.98508,0.98705,0.98837,0.96965,0.98624,0.98439,0.96039,0.97198,0.99023,0.9743,0.96495,0.90657,0.86231,0.67533,0.95192,0.7709,0.87203,0.93181,0.94252,0.82502,0.80695,0.84611,0.73602,0.94084,0.9668,0.9238,0.94422,0.94343,0.89843,0.82615,0.97331,0.98875,0.98682,0.97923,0.98385,0.98578,0.98454,0.98879,0.9789,0.94022,0.97638,0.95678,0.88555,0.9601,0.90419,0.83402,0.84467,0.85607,0.84105,0.94361,0.88734,0.85804,0.96903,0.87622,0.87785,0.87825,0.90764,0.93556,0.62352,0.84486,0.85498,0.78845,0.81475,0.79315,0.64007,0.83726,0.75849,0.80175,0.83383,0.93646,0.83355,0.76705,0.92641,0.87689,0.91395,0.96374,0.9586,0.86534,0.92522,0.94397,0.95498,0.84133,0.87896,0.96147,0.97341,0.98734,0.98025,0.98763,0.97773,0.89429,0.92205,0.98096,0.98668,0.96769,0.85859,0.94952,0.93521,0.74368,0.93099,0.81566,0.88363,0.85583,0.80925,0.90166,0.77011,0.90805,0.89375,0.95719,0.92382,0.9529,0.95696,0.92271,0.77143,0.80765,0.7822,0.9697,0.80479,0.88273,0.90816,0.86391,0.95601,0.96182,0.97476,0.95411,0.88882,0.89594,0.9796,0.99042,0.98348,0.97492,0.9668,0.95454,0.97685,0.92444,0.86519,0.77524,0.75364,0.89692,0.75615,0.66506,0.88261,0.94776,0.962,0.56287,0.83389,0.68357,0.91501,0.85493,0.84644,0.92811,0.91988,0.88782,0.79115,0.88117,0.92522,0.92329,0.96533,0.89962,0.84564,0.94359,0.95476,0.79743,0.90966,0.87804,0.81251,0.90016,0.98256,0.87429,0.862,0.86298,0.97732,0.98801,0.96949,0.92548,0.96092,0.85898,0.71187,0.60265,0.9493,0.90332,0.45423,0.6071,0.77971,0.84972,0.70898,0.9646,0.78045,0.89489,0.79656,0.85736,0.79701,0.82412,0.81372,0.77244,0.90481,0.90756,0.96267,0.95021,0.94889,0.85405,0.8686,0.96799,0.94032,0.9381,0.91873,0.91258,0.96836,0.88658,0.97388,0.97817,0.98607,0.97858,0.94046,0.78149,0.83731,0.80244,0.88822,0.90704,0.86488,0.88591,0.88928,0.8626,0.84334,0.88034,0.91417,0.9542,0.91231,0.87069,0.84952,0.88911,0.8619,0.90504,0.8221,0.83527,0.88929,0.9577,0.96918,0.77326,0.93233,0.95461,0.98201,0.96167,0.90146,0.78917,0.9181,0.93909,0.95864,0.96348,0.95327,0.96567,0.95852,0.94955,0.95667,0.95267,0.93315,0.78258,0.91223,0.92802,0.91496,0.92562,0.92074,0.96951,0.80655,0.92188,0.95669,0.98268,0.95224,0.98548,0.98927,0.99199,0.98989,0.94288,0.95239,0.98895,0.99311,0.99233,0.93114,0.96094,0.92496,0.97495,0.94676,0.96813,0.96977,0.97189,0.97215,0.98174,0.93987,0.98365,0.95586,0.97851,0.9904,0.98912,0.92948,0.99088,0.98596,0.95808,0.9818,0.79747,0.89951,0.7887,0.88462,0.85463,0.96393,0.905,0.90558,0.92114,0.85715,0.90132,0.86102,0.76828,0.93145,0.96668,0.95786,0.89623,0.84638,0.81543,0.9467,0.96595,0.77818,0.82563,0.85213,0.9507,0.91338,0.91286,0.9726,0.94416,0.90437,0.94255,0.9604,0.97834,0.96249,0.97324,0.98165,0.95709,0.93197,0.88474,0.93318,0.94051,0.90617,0.55729,0.5975,0.52825,0.84952,0.96255,0.78426,0.92162,0.52311,0.86556,0.85431,0.87115,0.66552,0.70109,0.93609,0.82316,0.78564,0.77731,0.95116,0.90524,0.80242,0.79545,0.89848,0.81389,0.88081,0.91195,0.95121,0.86221,0.75668,0.97127,0.97473,0.8959,0.97665,0.98973,0.98542,0.98156,0.97075,0.95034,0.98933,0.99447,0.99265,0.98798,0.98564,0.93743,0.99245,0.97836,0.98752,0.98652,0.94807,0.91371,0.9592,0.97074,0.89504,0.80325,0.86375,0.75999,0.95569,0.85319,0.85912,0.75198,0.96831,0.87649,0.91369,0.97389,0.8734,0.95754,0.86428,0.95326,0.98952,0.96194,0.96139,0.93852,0.94174,0.93764,0.94622,0.95811,0.96993,0.91665,0.98709,0.99126,0.9833,0.98005,0.97535,0.93474,0.94028,0.93335,0.81861,0.79245,0.81251,0.848,0.92001,0.75339,0.69874,0.88097,0.82737,0.86155,0.85234,0.82186,0.91901,0.82672,0.89137,0.95664,0.57912,0.95695,0.95527,0.93032,0.89938,0.86011,0.89323,0.8699,0.69834,0.60992,0.76811,0.82369,0.84629,0.8404,0.88232,0.87948,0.85828,0.92832,0.93395,0.9629,0.90107,0.89956,0.98013,0.9441,0.93708,0.93632,0.95771,0.98477,0.98802,0.98427,0.98468,0.92532,0.97422,0.96612,0.96706,0.93588,0.93672,0.70136,0.72582,0.83036,0.71295,0.80224,0.82312,0.94216,0.85054,0.64002,0.82597,0.92145,0.97733,0.96523,0.97224,0.97824,0.94155,0.90688,0.91978,0.86691,0.88455,0.84613,0.98498,0.97498,0.93932,0.96217,0.96747,0.93538,0.92263,0.944,0.98793,0.98504,0.96651,0.97394,0.95696,0.58847,0.80534,0.81488,0.9427,0.71733,0.87333,0.576,0.5419,0.81357,0.84359,0.94327,0.96378,0.77832,0.73056,0.83309,0.87193,0.81266,0.87078,0.87277,0.9414,0.92636,0.91579,0.82862,0.92567,0.84505,0.84311,0.85206,0.88999,0.77519,0.96666,0.96056,0.93898,0.94806,0.94379,0.88933,0.82049,0.89131,0.94508,0.93667,0.84309,0.81661,0.82042,0.9027,0.7801,0.81302,0.82745,0.57821,0.77793,0.62913,0.61964,0.73565,0.52084,0.7978,0.73843,0.50071,0.38375,0.70017,0.50306,0.38108,0.22355,0.70178,0.57647,0.84506,0.55953,0.70067,0.60632,0.95561,0.82436,0.87098,0.92187,0.83119,0.77732,0.93078,0.95252,0.90529,0.91705,0.92619,0.96098,0.89413,0.92035,0.97102,0.93271,0.91032,0.97599,0.96767,0.97865,0.88261,0.8399,0.92843,0.94098,0.75933,0.60629,0.85197,0.80247,0.70147,0.63883,0.85582,0.9049,0.87045,0.81798,0.93609,0.95836,0.82298,0.91928,0.89593,0.84333,0.95223,0.92712,0.98584,0.98593,0.94727,0.97336,0.98022,0.92138,0.9133,0.9166,0.89905,0.87633,0.90153,0.9786,0.94841,0.96432,0.96702,0.9823,0.80021,0.75778,0.90204,0.84372,0.8374,0.88491,0.87665,0.63292,0.96671,0.90402,0.93761,0.85808,0.9495,0.82748,0.90024,0.93068,0.78049,0.85111,0.73258,0.83678,0.88359,0.85035,0.87529,0.86183,0.96251,0.82916,0.72204,0.97412,0.94193,0.88602,0.97303,0.97243,0.90786,0.95147,0.91064,0.88996,0.89306,0.90837,0.9543,0.74971,0.79598,0.94603,0.88933,0.9175,0.77188,0.9701,0.9216,0.86183,0.93923,0.90679,0.91709,0.91638,0.94536,0.92357,0.93775,0.87834,0.8805,0.97295,0.95571,0.91267,0.89312,0.85153,0.98829,0.98582,0.95434,0.54627,0.93615,0.93854,0.92269,0.9446,0.96959,0.98207,0.96261,0.935,0.95837,0.91848,0.97527,0.97753,0.96947,0.98875,0.98881,0.98964,0.93416,0.92767,0.65005,0.97984,0.9257,0.84412,0.92731,0.8925,0.89317,0.60129,0.87564,0.82672,0.96983,0.9651,0.96795,0.93177,0.94508,0.96258,0.95061,0.79855,0.90887,0.83675,0.93733,0.8804,0.93181,0.77674,0.97828,0.96499,0.93707,0.87488,0.86479,0.91688,0.9082,0.88258,0.91919,0.95205,0.97636,0.97037,0.96714,0.92258,0.95152,0.91148,0.78251,0.7652,0.82298,0.018444,0.53507,0.76191,0.49895,0.64718,0.4995,0.52458,0.10624,0.87676,0.35947,0.35732,0.62576,0.78114,0.87148,0.79958,0.38205,0.26446,0.41586,0.75351,0.70436,0.75294,0.61983,0.70755,0.64613,0.42467,0.42319,0.77069,0.79723,0.76101,0.95143,0.90303,0.74518,0.89872,0.88051,0.94917,0.91128,0.76088,0.77501,0.94889,0.99451,0.99345,0.99393,0.96317,0.88659,0.93456,0.71172,0.93055,0.9574,0.89711,0.8881,0.94653,0.8045,0.7556,0.33833,0.78594,0.7264,0.87553,0.62865,0.89615,0.53048,0.66609,0.82208,0.84893,0.92254,0.70173,0.80086,0.59474,0.83105,0.88252,0.7475,0.86663,0.87752,0.7516,0.82283,0.90208,0.93828,0.93475,0.81245,0.99114,0.98942,0.95765,0.9583,0.95841,0.79501,0.94785,0.93543,0.94346,0.94606,0.90829,0.86795,0.8807,0.89003,0.93148,0.8718,0.85826,0.49505,0.7465,0.14218,0.6933,0.8349,0.8026,0.78293,0.69046,0.73408,0.85278,0.8496,0.54092,0.31627,0.55516,0.82694,0.59634,0.4336,0.82677,0.70481,0.62413,0.66392,0.72805,0.73495,0.84692,0.82086,0.75658,0.88331,0.9494,0.88402,0.9084,0.8966,0.89219,0.9197,0.89017,0.87505,0.95761,0.93958,0.95508,0.92799,0.96438,0.86141,0.93961,0.76817,0.65007,0.57743,0.76976,0.84573,0.36846,0.59324,0.63626,0.76878,0.39979,0.63302,0.81966,0.70334,0.74502,0.76601,0.87839,0.65508,0.68085,0.89492,0.77176,0.65011,0.70829,0.82137,0.72567,0.55477,0.91266,0.91105,0.79376,0.457,0.84706,0.84178,0.83737,0.8944,0.68995,0.95119,0.93757,0.89293,0.93605,0.79935,0.86891,0.90662,0.75206,0.73393,0.66739,0.3343,0.429,0.79706,0.45249,0.32215,0.57153,0.71383,0.61562,0.63275,0.83051,0.66353,0.7803,0.5992,0.56842,0.72279,0.78741,0.3802,0.56627,0.76729,0.37392,0.59598,0.87393,0.83029,0.93668,0.71235,0.75779,0.94869,0.82567,0.8854,0.89257,0.83921,0.48771,0.9132,0.92006,0.905,0.93587,0.91864,0.97303,0.93863,0.74462,0.7498,0.93875,0.89263,0.88266,0.93669,0.3305,0.80181,0.43961,0.73357,0.79524,0.77323,0.23695,0.87086,0.34458,0.91801,0.63715,0.77547,0.70217,0.53903,0.78896,0.63008,0.75543,0.97368,0.74335,0.93373,0.96258,0.8799,0.97342,0.91201,0.94807,0.84196,0.87497,0.9127,0.92532,0.78058,0.93202,0.94824,0.78875,0.94867,0.87328,0.72996,0.85977,0.65446,0.70114,0.80555,0.64732,0.8093,0.54602,0.73694,0.66788,0.91223,0.33398,0.78776,0.81238,0.57137,0.33739,0.349,0.80034,0.71852,0.72591,0.40963,0.82287,0.80851,0.74081,0.80752,0.60995,0.67169,0.65261,0.55388,0.40101,0.54889,0.81788,0.90741,0.81497,0.95024,0.82185,0.89101,0.91066,0.87839,0.69833,0.71455,0.90399,0.65723,0.67181,0.62999,0.5645,0.4907,0.92476,0.76561,0.92559,0.89171,0.74718,0.44891,0.75571,0.81505,0.64412,0.83861,0.72248,0.6622,0.60721,0.7162,0.8287,0.93841,0.77843,0.87551,0.77434,0.91396,0.77537,0.71868,0.81133,0.78278,0.88235,0.82981,0.88064,0.83708,0.77377,0.81741,0.83189,0.97557,0.91423,0.92137,0.8863,0.93136,0.94348,0.9272,0.92938,0.70067,0.91179,0.86659,0.90495,0.87164,0.84555,0.84538,0.73253,0.82849,0.72922,0.90239,0.89905,0.86349,0.88849,0.95521,0.92368,0.88301,0.8617,0.78256,0.86193,0.94546,0.95109,0.96127,0.84195,0.82301,0.98072,0.95774,0.98165,0.94568,0.98455,0.97071,0.95092,0.9625,0.95447,0.77446,0.93577,0.76458,0.86454,0.73062,0.50895,0.69541,0.76131,0.71572,0.78464,0.77708,0.79228,0.85669,0.46306,0.8631,0.83952,0.84937,0.88433,0.75214,0.84816,0.86717,0.73486,0.82652,0.78605,0.75656,0.82214,0.77828,0.50039,0.90683,0.87777,0.88713,0.83738,0.84631,0.87317,0.90824,0.93262,0.91762,0.7232,0.7862,0.63453,0.98061,0.97751,0.9408,0.93974,0.91108,0.93096,0.79718,0.92836,0.94958,0.93427,0.50544,0.79652,0.75553,0.9085,0.8376,0.87341,0.77864,0.95625,0.93694,0.86901,0.30477,0.92558,0.83693,0.39262,0.83573,0.87373,0.88846,0.6053,0.53999,0.77431,0.79061,0.80785,0.77435,0.76541,0.89288,0.86009,0.94179,0.96837,0.68872,0.9038,0.8601,0.88993,0.95772,0.93855,0.66734,0.8205,0.98947,0.98801,0.95075,0.97338,0.9842,0.93368,0.98806,0.98772,0.97981,0.94952,0.95614,0.7039,0.95024,0.82529,0.87829,0.74186,0.85122,0.8552,0.8468,0.72361,0.87043,0.9144,0.82143,0.88595,0.72999,0.95471,0.75166,0.89734,0.87079,0.96143,0.97695,0.92201,0.8756,0.91064,0.91495,0.8069,0.71014,0.91739,0.97086,0.97998,0.97865,0.96892,0.92301,0.95265,0.83926,0.93704,0.96715,0.97026,0.98939,0.9383,0.9329,0.92693,0.8831,0.83832,0.43871,0.88089,0.95377,0.9249,0.97174,0.95924,0.93885,0.96647,0.94062,0.92558,0.85555,0.96845,0.93167,0.9747,0.97972,0.97087,0.97497,0.86636,0.93453,0.89607,0.9613,0.9643,0.9754,0.95846,0.96608,0.93316,0.90495,0.91583,0.94315,0.94864,0.93886,0.82574,0.94055,0.8601,0.8585,0.95739,0.76798,0.76738,0.92607,0.8723,0.44408,0.87586,0.98277,0.9872,0.97315,0.95318,0.94951,0.98331,0.96409,0.97086,0.87264,0.93938,0.91308,0.93202,0.81267,0.89831,0.77711,0.92405,0.94525,0.89367,0.89539,0.49133,0.63875,0.85236,0.92155,0.75056,0.63569,0.75014,0.81089,0.91437,0.89374,0.9456,0.88233,0.91283,0.96778,0.89845,0.66579,0.88308,0.88185,0.97284,0.97414,0.93776,0.97443,0.98675,0.98793,0.9893,0.99448,0.98988,0.96627,0.91342,0.92256,0.953,0.95922,0.95994,0.93751,0.80844,0.67904,0.70409,0.37122,0.81001,0.94498,0.53469,0.89416,0.96479,0.97267,0.93989,0.96844,0.93365,0.7831,0.74736,0.94251,0.8656,0.79236,0.85871,0.93799,0.94837,0.87916,0.85849,0.89904,0.9561,0.94794,0.88766,0.8871,0.89365,0.9251,0.86502,0.8463,0.94149,0.88658,0.93841,0.95531,0.96099,0.93621,0.92987,0.73123,0.71915,0.90983,0.81659,0.91933,0.93758,0.92427,0.8998,0.901,0.89056,0.76557,0.87818,0.78804,0.81275,0.22455,0.4273,0.72004,0.83834,0.8855,0.90961,0.93755,0.88472,0.9374,0.96229,0.83999,0.89411,0.72216,0.92464,0.97223,0.85927,0.8084,0.87199,0.84471,0.82455,0.8845,0.83454,0.8473,0.82658,0.75378,0.17294,0.49407,0.91944,0.92734,0.75281,0.6863,0.58939,0.78188,0.42625,0.3419,0.69748,0.67019,0.75217,0.20361,0.61288,0.5536,0.33638,0.64961,0.46314,0.39163,0.82645,0.68558,0.64903,0.72565,0.57367,0.76135,0.41473,0.91167,0.73183,0.84598,0.94858,0.91168,0.54342,0.88367,0.96595,0.97074,0.97059,0.93152,0.9875,0.98818,0.96618,0.96746,0.98914,0.99092,0.95284,0.96226,0.89923,0.94676,0.9343,0.92993,0.92816,0.51772,0.64203,0.50372,0.5773,0.78992,0.80602,0.77434,0.66557,0.85714,0.93144,0.79066,0.92801,0.98023,0.96774,0.96493,0.79387,0.94467,0.96123,0.92721,0.92579,0.97017,0.87677,0.80171,0.94053,0.92631,0.96603,0.79429,0.9555,0.96298,0.95268,0.96168,0.91601,0.84341,0.95425,0.99458,0.99387,0.99456,0.99419,0.98626,0.89416,0.96009,0.9452,0.93867,0.89211,0.93112,0.95073,0.97235,0.95767,0.94818,0.88208,0.89094,0.869,0.83732,0.5677,0.63552,0.91595,0.80236,0.93215,0.91497,0.85861,0.75988,0.90776,0.95205,0.95121,0.87044,0.94773,0.85177,0.93769,0.96381,0.92083,0.96043,0.91177,0.36744,0.86065,0.86697,0.92828,0.94584,0.94985,0.92243,0.98867,0.99134,0.95901,0.97083,0.97931,0.98187,0.97832,0.97953,0.96823,0.9622,0.93431,0.94528,0.95245,0.97262,0.96723,0.93484,0.88589,0.91732,0.86434,0.90408,0.95918,0.95641,0.92949,0.44083,0.83394,0.8693,0.86652,0.96674,0.94513,0.77843,0.68433,0.58554,0.78324,0.88057,0.9607,0.70416,0.72269,0.8384,0.77328,0.68816,0.57843,0.65402,0.9481,0.95594,0.96695,0.8983,0.93819,0.49068,0.92962,0.94753,0.75985,0.76397,0.65292,0.79509,0.77384,0.81224,0.60415,0.32711,0.59517,0.52799,0.48198,0.42769,0.93269,0.45752,0.50764,0.23766,0.21897,0.32703,0.33882,0.00088683,0.33345,0.31774,0.72644,0.23344,0.66676,-0.011453,0.63517,0.26149,0.72301,0.66325,0.60506,0.61235,0.80654,0.93683,0.90309,0.96153,0.96254,0.90872,0.93652,0.9187,0.96193,0.94017,0.98276,0.85573,0.9418,0.9526,0.98385,0.95319,0.93517,0.92486,0.8996,0.65905,0.75442,0.88489,0.85642,0.89075,0.75073,0.80699,0.50711,0.48121,0.55707,0.51474,0.39299,0.14887,0.65923,0.54163,0.78409,0.40238,0.76518,0.51736,0.47375,0.57487,0.61348,0.91135,0.96447,0.90432,0.9084,0.74364,0.81007,0.91978,0.95108,0.9195,0.86514,0.93095,0.92896,0.88615,0.95236,0.93892,0.96361,0.95028,0.95927,0.85667,0.93339,0.90353,0.80198,0.27232,0.55411,0.78073,0.38819,0.60286,0.24395,0.56704,0.56754,0.50623,0.72059,0.5207,0.69712,0.24936,0.39592,0.45192,0.33638,0.024691,0.24369,0.75954,0.36049,0.61673,0.28331,0.55332,0.44935,0.27324,0.30078,0.26473,0.2202,0.5108,0.55584,0.91053,0.92367,0.71155,0.7957,0.87633,0.86728,0.97089,0.97708,0.95603,0.95254,0.97102,0.97113,0.98854,0.97711,0.97715,0.98715,0.98826,0.92755,0.95448,0.92853,0.86909,0.89058,0.75878,0.80246,0.63816,0.23023,0.59717,0.098187,0.73767,0.068815,0.71429,0.69568,0.6243,0.50903,0.4406,0.44298,0.43187,0.5334,0.44051,0.61882,0.6816,0.92427,0.77211,0.68795,0.70763,0.19518,0.4581,0.66373,0.8483,0.56626,0.4059,0.58103,0.82924,0.69224,0.7829,0.79196,0.83187,0.96242,0.96454,0.9575,0.92269,0.86988,0.87602,0.15072,0.38331,0.42184,0.40387,0.607,0.29787,0.39532,0.12656,0.77808,0.37999,0.20073,0.78412,0.49518,0.32398,0.43053,0.59068,0.24071,0.57375,0.24405,0.010011,0.68244,0.58776,0.72683,0.59549,0.4715,0.66125,0.47538,0.80717,0.66932,0.28788,0.70385,0.79696,0.58447,0.48599,0.57522,0.7117,0.63519,0.34936,0.7973,0.95381,0.9695,0.9492,0.88456,0.86449,0.83571,0.72692,0.57836,0.27505,0.3812,0.50011,0.10545,-0.051086,0.30889,0.64451,0.66697,0.55669,0.52147,0.51836,0.32486,0.63303,0.11841,-0.10667,0.055992,0.57876,0.44648,0.53563,0.77032,0.21769,0.51165,0.30874,0.7754,0.6398,0.84831,0.85527,0.90812,0.95825,0.97301,0.98703,0.90633,0.98066,0.97668,0.98954,0.96922,0.86175,0.86302,0.92018,0.60952,0.82816,0.90531,0.84641,0.8192,0.48806,0.76464,0.89388,0.60423,0.18143,0.56586,0.69667,0.88543,0.81166,0.85533,0.74201,0.45722,0.82948,0.79001,0.7399,0.77707,0.81007,0.77325,0.58188,0.67979,0.80727,0.83142,0.87352,0.91402,0.8551,0.77764,0.59865,0.89915,0.88795,0.5382,0.75383,0.80691,0.8002,0.64228,0.38022,0.63125,0.69793,0.13655,0.60512,0.87086,0.78643,0.54365,0.49227,0.29662,0.78697,0.45414,0.45184,0.35706,0.3324,0.22908,0.64225,0.31828,0.5551,0.39433,0.50466,0.27746,0.41436,0.76363,0.12232,0.61327,0.4963,0.63117,0.26431,0.56807,0.48094,0.52186,0.76217,0.72363,0.75321,0.82364,0.88028,0.91049,0.89718,0.91645,0.92097,0.94876,0.91276,0.90691,0.76263,0.79628,0.64887,0.85223,0.82447,0.79884,0.91697,0.62581,0.57966,0.9243,0.95806,0.77908,0.92511,0.80976,0.70112,0.19208,0.71565,0.84226,0.033677,0.30817,0.78405,0.46123,0.93703,0.94411,0.94434,0.85842,0.97968,0.97799,0.96585,0.97178,0.96877,0.95276,0.92091,0.91581,0.85016,0.96771,0.9205,0.9723,0.98056,0.98607,0.96193,0.95776,0.92131,0.8539,0.96704,0.9105,0.96177,0.95553,0.92362,0.89297,0.95596,0.8274,0.90723,0.93249,0.70479,0.85969,0.44133,0.56796,0.77823,0.62033,0.82659,0.53225,0.73218,0.73323,0.65952,0.61335,0.55327,0.79061,0.7158,0.89413,0.57372,0.68177,0.49078,0.57347,0.78114,0.73568,0.39699,0.22279,0.51122,0.66807,0.75175,0.71772,0.77025,0.85513,0.47699,0.86317,0.56302,0.89137,0.83535,0.75857,0.9414,0.93737,0.93087,0.82208,0.77126,0.89755,0.35685,0.7686,0.82637,0.51244,0.44474,0.6248,0.85086,0.88277,0.39921,0.74762,0.6357,0.73216,0.90145,0.65659,0.76346,0.53179,0.54638,0.61395,0.66398,0.73759,0.92121,0.80559,0.86904,0.97773,0.96566,0.82613,0.94571,0.89842,0.87184,0.94366,0.78629,0.95578,0.9718,0.97719,0.98455,0.99152,0.97477,0.96887,0.96221,0.98029,0.9877,0.98629,0.97619,0.96347,0.96541,0.9822,0.96769,0.97457,0.96053,0.9367,0.98382,0.84242,0.9317,0.84666,0.59993,0.51886,0.79716,0.67684,0.8994,0.92773,0.59463,0.83802,0.36491,0.94509,0.75984,0.79352,0.82355,0.96183,0.94001,0.94545,0.88918,0.85735,0.85708,0.96013,0.98097,0.96209,0.97893,0.95412,0.95198,0.94729,0.98486,0.98703,0.95779,0.79873,0.96221,0.94426,0.9363,0.89462,0.77755,0.41754,0.50474,0.29574,0.39188,0.84773,0.81201,0.23506,0.75062,0.72593,0.77231,0.71854,0.67635,0.42061,0.50321,0.54315,0.75918,0.78511,0.66394,0.71525,0.82449,0.79945,0.85304,0.9581,0.78475,0.80906,0.90766,0.95023,0.8882,0.94354,0.95804,0.86662,0.95631,0.97141,0.97874,0.98319,0.98675,0.98352,0.98874,0.99394,0.99273,0.99325,0.99235,0.9796,0.96066,0.97947,0.97586,0.9104,0.68266,0.85896,0.90942,0.49001,0.81769,0.68172,0.80984,0.72161,0.94284,0.74244,0.8459,0.66706,0.75512,0.86558,0.88807,0.54243,0.88147,0.96104,0.49146,0.50863,0.51673,0.71841,0.91434,0.93205,0.92948,0.75035,0.76425,0.90335,0.78273,0.9302,0.92351,0.91857,0.98151,0.96308,0.96598,0.88898,0.8955,0.84908,0.74964,0.70823,0.26919,0.59155,0.58109,0.76333,0.84795,0.79946,0.82807,0.82504,0.86332,0.42943,0.69472,0.69204,0.67016,0.62021,0.55347,0.86829,0.91785,0.83526,0.74243,0.93225,0.90605,0.90228,0.94018,0.90745,0.9236,0.69325,0.72772,0.90312,0.92467,0.71406,0.8732,0.91842,0.97775,0.88394,0.98044,0.9885,0.97859,0.97636,0.94134,0.953,0.93665,0.79347,0.91195,0.83672,0.55617,0.56298,0.71298,0.68648,0.5587,0.81698,0.78868,0.62853,0.49968,0.75061,0.878,0.81005,0.91366,0.80768,0.93291,0.87378,0.43604,0.86434,0.79848,0.84705,0.65587,0.7689,0.95345,0.96679,0.95821,0.88003,0.92817,0.97603,0.97322,0.91945,0.99,0.98143,0.93502,0.97739,0.94991,0.90639,0.84556,0.88674,0.89204,0.88328,0.5104,0.54676,0.79088,0.91721,0.71356,0.81162,0.68925,0.68465,0.59207,0.81929,0.41893,0.64369,0.64596,0.8555,0.93023,0.71259,0.89455,0.69504,0.84306,0.48928,0.68602,0.75711,0.76966,0.91407,0.90543,0.89877,0.74569,0.63616,0.97063,0.89287,0.95167,0.90484,0.87227,0.8543,0.58053,0.76782,0.83269,0.84165,0.4585,0.13092,0.61208,0.92467,0.76466,0.51023,0.63417,0.60268,0.52485,0.82631,0.72215,0.73824,0.91741,0.84593,0.73462,0.66338,0.46417,0.8467,0.68771,0.72786,0.75484,0.56017,0.86026,0.94445,0.81747,0.89827,0.67512,0.7371,0.81678,0.41186,0.78823,0.78658,0.51023,0.94689,0.84167,0.94496,0.84508,0.79303,0.78123,0.77105,0.75322,0.81576,0.32556,0.24196,0.58005,0.77654,0.85151,0.48113,0.91897,0.41598,0.611,0.1768,0.39396,0.41841,0.11463,0.3403,0.25816,0.33027,0.63241,0.29311,0.37209,0.1285,0.71784,0.24277,0.91127,0.83885,0.72523,0.70768,0.6221,0.94987,0.96989,0.87722,0.95886,0.82058,0.92094,0.94385,0.945,0.94491,0.95379,0.85009,0.93846,0.97839,0.98671,0.99263,0.98966,0.95944,0.90375,0.87741,0.74966,0.85797,0.84235,0.87546,0.96348,0.94118,0.92846,0.95961,0.9415,0.53322,0.90148,0.73061,0.73365,0.7646,0.96306,0.92853,0.91091,0.89469,0.95938,0.97454,0.91417,0.96375,0.9741,0.98753,0.98736,0.97594,0.98672,0.97552,0.99093,0.97966,0.99021,0.9782,0.92621,0.98979,0.98401,0.98872,0.9924,0.99185,0.95934,0.96082,0.97912,0.97082,0.90753,0.90734,0.97752,0.94222,0.98233,0.95606,0.98533,0.97278,0.91435,0.63629,0.63382,0.8646,0.79093,0.7016,0.62468,0.74512,0.8041,0.68333,0.93292,0.78033,0.81004,0.79162,0.46544,0.9002,0.8892,0.68215,0.71448,0.83902,0.9591,0.95043,0.88693,0.90789,0.83102,0.88812,0.89377,0.91074,0.9018,0.9109,0.95826,0.97157,0.88691,0.89713,0.84468,0.75024,0.72639,0.62214,0.45417,0.6376,0.89462,0.9492,0.85777,0.59712,0.64292,0.7671,0.74027,0.70595,0.96428,0.83045,0.93672,0.70967,0.90942,0.89595,0.94377,0.786,0.88614,0.84567,0.95753,0.77315,0.795,0.87382,0.7862,0.86059,0.93488,0.97497,0.9885,0.97727,0.9816,0.97665,0.97956,0.98198,0.97816,0.96981,0.98413,0.97229,0.96308,0.95343,0.96373,0.98863,0.96088,0.97444,0.92931,0.88257,0.97076,0.96791,0.94459,0.92358,0.58708,0.85856,0.56669,0.55972,0.85502,0.90132,0.95285,0.91185,0.76758,0.94132,0.92159,0.82058,0.75686,0.75996,0.8779,0.76946,0.96305,0.9327,0.76161,0.97826,0.97623,0.98352,0.98931,0.98359,0.98672,0.9883,0.95816,0.93941,0.95326,0.90822,0.92589,0.92722,0.83634,0.92178,0.80639,0.61492,0.72085,0.2796,0.70353,0.91289,0.69149,0.90331,0.88173,0.65308,0.67209,0.7987,0.6199,0.71987,0.63034,0.5569,0.69482,0.87814,0.76104,0.78348,0.88817,0.83789,0.73515,0.71914,0.9039,0.83642,0.88981,0.96534,0.9855,0.92815,0.95493,0.97838,0.97479,0.94315,0.93569,0.98144,0.98109,0.97199,0.97861,0.97461,0.97574,0.98586,0.9819,0.90773,0.92829,0.98839,0.96378,0.91197,0.85108,0.83642,0.76092,0.88323,0.86394,0.79265,0.80291,0.9597,0.95667,0.94777,0.82224,0.66708,0.74838,0.82792,0.77717,0.89547,0.89224,0.92927,0.77455,0.93012,0.89863,0.9572,0.94659,0.91945,0.81436,0.89067,0.93837,0.95745,0.98378,0.96357,0.89808,0.92899,0.71766,0.52231,0.81161,0.37855,0.81649,0.88833,0.78274,0.97066,0.95402,0.93422,0.85022,0.54885,0.8623,0.9277,0.672,0.8625,0.83365,0.80221,0.96203,0.93577,0.87852,0.77119,0.97554,0.96579,0.96511,0.84425,0.90187,0.97315,0.95564,0.97921,0.94797,0.98161,0.96451,0.70053,0.9441,0.9781,0.96056,0.90614,0.89853,0.9013,0.16642,0.53593,0.79508,0.8785,0.71964,0.88859,0.92029,0.91992,0.92134,0.90509,0.68398,0.59064,0.88161,0.89651,0.84261,0.89328,0.92566,0.86531,0.89727,0.86696,0.90234,0.78511,0.91838,0.89734,0.93639,0.97702,0.93009,0.96362,0.99051,0.98406,0.98383,0.99131,0.96808,0.77403,0.95018,0.89663,0.92971,0.93627,0.94919,0.96397,0.7831,0.92249,0.82339,0.95279,0.60994,0.90499,0.82521,0.91643,0.85,0.85851,0.83071,0.84096,0.87549,0.90916,0.91166,0.90757,0.82107,0.85446,0.88602,0.84586,0.90386,0.88947,0.95482,0.9396,0.97618,0.92029,0.92659,0.9088,0.68925,0.86412,0.8742,0.86706,0.66018,0.72407,0.72308,0.6823,0.64096,0.86965,0.62876,0.067835,0.66527,0.91514,0.88068,0.8114,0.85884,0.50652,0.70473,0.83159,0.90923,0.90163,0.82001,0.84891,0.93788,0.85087,0.54925,0.61138,0.79956,0.69038,0.75051,0.84776,0.91638,0.87472,0.93237,0.88898,0.9354,0.9346,0.96643,0.96844,0.97428,0.97386,0.86587,0.92247,0.90929,0.90485,0.89222,0.90047,0.86307,0.54237,0.48453,0.95711,0.73795,0.4669,0.38695,0.93752,0.75478,0.869,0.89862,0.59136,0.88583,0.95397,0.96398,0.96232,0.9847,0.97929,0.95961,0.96318,0.98778,0.98231,0.96867,0.98298,0.98782,0.9834,0.98599,0.97725,0.97403,0.98423,0.97234,0.91888,0.95237,0.9931,0.96641,0.98678,0.94071,0.98265,0.98477,0.98382,0.99134,0.92137,0.98006,0.98454,0.9665,0.97358,0.86411,0.96341,0.94897,0.93385,0.70008,0.86972,0.92468,0.96421,0.91918,0.85527,0.88747,0.89372,0.96851,0.93877,0.88519,0.76762,0.81583,0.68692,0.8261,0.96909,0.96183,0.94577,0.97563,0.95887,0.83846,0.94277,0.97635,0.88403,0.87154,0.90178,0.96675,0.74078,0.82267,0.37931,0.624,0.78386,0.51784,0.32922,0.78284,0.63239,0.93591,0.93204,0.39589,0.57778,0.32309,0.66261,0.78295,0.78291,0.89468,0.90799,0.85303,0.68352,0.72625,0.91972,0.85531,0.76349,0.76314,0.58768,0.82383,0.88781,0.77029,0.9158,0.93375,0.87818,0.92067,0.9665,0.92973,0.80914,0.95469,0.96535,0.94866,0.87219,0.86108,0.99312,0.98555,0.99201,0.96575,0.86847,0.92324,0.94741,0.97119,0.71841,0.69255,0.73849,0.56073,0.84222,0.79638,0.53333,0.71877,0.44548,0.839,0.54127,0.82237,0.68159,0.86232,0.81681,0.79287,0.6557,0.59843,0.78333,0.5133,0.75497,0.95691,0.85022,0.87536,0.916,0.48951,0.73176,0.95442,0.97853,0.96272,0.97917,0.96474,0.95911,0.92244,0.83374,0.90452,0.78203,0.77798,0.87385,0.3732,0.1127,0.58216,0.67395,0.70849,0.74795,0.75002,0.80331,0.36215,0.31299,0.71676,0.47591,0.69528,0.84189,0.47896,0.57322,0.89655,0.83223,0.62164,0.58391,0.92404,0.72814,0.5595,0.68762,0.84347,0.76434,0.63226,0.76584,0.86388,0.8302,0.88123,0.92891,0.92753,0.92492,0.79479,0.95127,0.77912,0.88289,0.96645,0.9665,0.96426,0.96951,0.91504,0.95334,0.91534,0.94292,0.93226,0.91655,0.76388,0.81103,0.90892,0.40702,0.6118,0.75235,0.72991,0.8153,0.64756,0.81025,0.86639,0.60319,0.82348,0.7849,0.93351,0.83956,0.84213,0.9673,0.77259,0.7358,0.80995,0.83155,0.57694,0.86098,0.89771,0.73565,0.96908,0.95992,0.81391,0.92167,0.89263,0.78015,0.87399,0.82019,0.82612,0.70762,0.47341,0.54876,0.40381,0.88197,0.74504,0.52901,0.84249,0.30883,0.45369,0.80432,0.4917,0.86897,0.92702,0.71609,0.64906,0.4934,0.89472,0.84294,0.86234,0.86842,0.47811,0.57106,0.46202,0.77699,0.81381,0.92381,0.88024,0.71778,0.90276,0.88328,0.83384,0.97433,0.84535,0.95376,0.73283,0.5139,0.77673,0.20699,0.59166,0.74352,0.81183,0.58947,0.4756,0.27151,0.57801,0.59401,0.89514,0.70887,0.8734,0.93291,0.77304,0.86858,0.88141,0.77959,0.84157,0.93034,0.85185,0.6473,0.83487,0.87777,0.80232,0.6663,0.62663,0.87665,0.95884,0.96535,0.96781,0.96988,0.94973,0.95543,0.87628,0.94032,0.65325,0.70462,0.66616,0.8473,0.78472,0.888,0.83273,0.55553,0.46872,0.67412,0.55873,0.46648,0.84501,0.78625,0.71808,0.4807,0.73215,0.64448,0.6848,0.72379,0.71511,0.911,0.89451,0.71293,0.72116,0.8226,0.70693,0.92194,0.90768,0.90136,0.79291,0.77259,0.76902,0.83557,0.79848,0.80186,0.82389,0.84855,0.63018,0.70492,0.49382,0.55855,0.95568,0.78656,0.87969,0.60737,0.90068,0.92767,0.94097,0.95745,0.76135,0.79641,0.9094,0.87262,0.9659,0.91173,0.93012,0.95371,0.97362,0.94103,0.96682,0.81351,0.96095,0.90413,0.93839,0.91354,0.97497,0.95074,0.93815,0.91618,0.93769,0.9592,0.91137,0.88985,0.9416,0.87904,0.54551,0.85689,0.84601,0.88892,0.57307,0.61434,0.51819,0.68249,0.69622,0.81622,0.70034,0.85238,0.4368,0.45143,0.40401,0.42252,0.75227,0.72274,0.66656,0.78939,0.52546,0.77781,0.88297,0.73067,0.87088,0.49602,0.71252,0.80772,0.67464,0.86521,0.83124,0.71563,0.78531,0.86214,0.85599,0.73003,0.91443,0.95204,0.81393,0.95681,0.98939,0.9618,0.9307,0.98725,0.9922,0.95483,0.95619,0.83055,0.87756,0.96513,0.9371,0.89148,0.89821,0.60259,0.80859,0.7835,0.88842,0.47881,0.89997,0.71595,0.77509,0.93645,0.93721,0.76346,0.92808,0.89119,0.90678,0.94603,0.6251,0.86895,0.82956,0.89577,0.7914,0.89235,0.92817,0.95457,0.78555,0.93864,0.90981,0.91254,0.86184,0.74246,0.95447,0.88681,0.87718,0.88547,0.88803,0.50761,0.86444,0.75921,0.7734,0.7364,0.29848,0.21588,0.15678,0.13021,0.5938,0.78938,0.64383,0.702,0.12589,0.12743,0.51364,0.34554,-0.023549,0.14375,0.13279,0.78698,0.047067,0.51553,0.079887,0.70027,0.32337,0.81003,0.70443,0.48102,0.41555,0.85088,0.86618,0.7917,0.69031,0.97052,0.92025,0.75399,0.93114,0.9492,0.97737,0.95763,0.95034,0.98035,0.98386,0.96506,0.98164,0.95925,0.93208,0.97133,0.95663,0.94966,0.87108,0.83518,0.687,0.78181,0.82816,0.61818,0.17339,0.37296,0.38852,0.17058,0.45596,0.61604,0.27053,0.62036,0.32622,0.40234,0.42129,0.66085,0.28946,0.58515,0.77904,0.87424,0.87755,0.84338,0.3863,0.47976,0.5891,0.84556,0.80038,0.77947,0.93915,0.8948,0.96279,0.92836,0.95155,0.72495,0.8551,0.95664,0.90721,0.87934,0.67969,0.7241,0.73695,0.76052,0.83445,0.83172,0.70166,0.41297,0.32034,0.5466,0.54085,0.24054,0.61201,0.76087,0.44858,0.5938,0.7234,0.42705,0.23889,0.48,0.57752,0.4236,0.47071,0.4364,0.42687,0.45327,0.41559,0.38723,0.41297,0.13885,0.48447,0.24085,0.77717,0.80891,0.67007,0.55114,0.70415,0.81477,0.90432,0.84003,0.90699,0.93746,0.95735,0.91267,0.9567,0.98299,0.95409,0.95411,0.94301,0.92336,0.94131,0.71134,0.86699,0.91027,0.80282,0.71045,0.50879,0.39776,0.65964,0.20237,0.85808,0.17376,0.38697,0.29445,0.18438,0.58231,0.58276,0.43324,0.23813,0.27175,0.50278,0.38443,0.53698,0.12782,0.6579,0.60361,0.25727,0.31154,0.49669,0.62224,0.86208,0.46019,0.6736,0.70915,0.84086,0.60906,0.83075,0.90204,0.78076,0.917,0.93522,0.93512,0.94564,0.7756,0.84453,0.44554,0.3815,0.27323,0.31953,0.31886,0.10055,0.52512,0.61468,0.44365,0.56163,0.15498,0.36434,0.52154,0.44707,0.31707,0.54051,0.41111,0.56129,0.30277,0.11775,0.63523,0.59166,0.6387,0.62032,0.30931,0.45917,0.52747,0.7182,0.11536,0.20544,0.6513,0.65443,0.60247,0.5552,0.65991,0.7461,0.62057,0.69436,0.58318,0.95356,0.97366,0.89579,0.89844,0.85066,0.85387,0.86893,0.41093,0.74435,0.43377,0.74151,0.065081,0.35282,0.28311,0.43186,0.51092,0.18748,0.2006,0.47723,0.39051,0.2974,0.51417,0.11487,0.55008,0.2873,0.50087,0.69282,0.44411,0.52357,0.45264,0.55286,0.88484,0.52565,0.55338,0.58184,0.89648,0.87146,0.87837,0.91708,0.92301,0.93194,0.91376,0.96831,0.60044,0.60763,0.88677,-0.016091,0.58557,0.61198,0.39348,0.54894,0.62976,0.74757,0.36259,0.41514,0.33387,0.33757,0.45149,0.35446,0.60975,0.3745,0.23303,0.41041,0.44151,0.54186,0.21813,0.19396,0.36589,0.62889,0.32734,0.19237,0.353,0.28246,0.42004,0.83113,0.71708,0.65748,0.77795,0.70896,0.59636,0.78582,0.90007,0.95538,0.80033,0.58411,0.89726,0.98882,0.96679,0.93058,0.87201,0.79295,0.56128,0.73754,0.80884,0.7419,0.91989,0.56732,0.5017,0.86685,0.91425,0.85378,0.32684,0.56121,0.88629,0.36448,0.67784,0.80503,0.69314,0.79752,0.57903,0.50009,0.79712,0.48686,0.83616,0.66418,0.89744,0.6952,0.73964,0.75169,0.76899,0.93003,0.94594,0.89847,0.73091,0.7663,0.89421,0.96371,0.96015,0.95889,0.9518,0.89243,0.96146,0.96706,0.95379,0.93876,0.74192,0.6342,0.83797,0.90133,0.85959,0.86369,0.8297,0.91598,0.95426,0.96203,0.95549,0.93939,0.85582,0.37611,0.58469,0.87344,0.84496,0.9429,0.92371,0.95074,0.95833,0.96959,0.97475,0.96731,0.95527,0.95227,0.9664,0.86439,0.89826,0.97767,0.98799,0.97646,0.97409,0.94899,0.93512,0.89973,0.96587,0.93629,0.83686,0.96894,0.96577,0.93364,0.87613,0.97898,0.92179,0.96202,0.98262,0.92968,0.91703,0.758,0.93765,0.91731,0.77394,0.80999,0.61961,0.33357,0.26215,0.78504,0.41308,0.78764,0.48361,0.51348,0.62089,0.55019,0.38762,0.41985,0.60986,0.26953,0.86438,0.30379,0.6261,0.46766,0.52601,0.63841,0.55565,0.12,0.3295,0.24338,0.50122,0.61003,0.59933,0.76251,0.73231,0.54894,0.83934,0.46457,0.76109,0.48086,0.40597,0.8633,0.96884,0.92041,0.88427,0.79161,0.86799,0.84159,0.71845,0.6516,0.39959,-0.046308,0.41414,0.77245,0.84944,0.83278,0.79958,0.84373,0.00012382,0.37516,0.67737,0.60551,0.50499,0.30336,0.53244,0.59252,0.54486,0.65761,0.13449,0.78925,0.65336,0.93776,0.89166,0.90978,0.82489,0.90037,0.92193,0.70046,0.96848,0.97463,0.92234,0.98128,0.98089,0.96626,0.97175,0.98401,0.96329,0.99404,0.98975,0.98733,0.98871,0.98851,0.98668,0.98985,0.98091,0.96035,0.94346,0.91507,0.96142,0.74982,0.55185,0.6331,0.58583,0.38054,0.33795,0.71295,0.81497,0.7197,0.73271,0.48748,0.80673,0.58297,0.71038,0.75392,0.83533,0.70554,0.45225,0.7432,0.82811,0.76902,0.59493,0.84043,0.82382,0.94556,0.88145,0.95125,0.98307,0.99168,0.95685,0.93317,0.97396,0.91958,0.91935,0.92097,0.83914,0.85605,0.77601,0.71839,0.8236,0.16298,0.062673,0.30009,0.75205,0.87869,0.69894,0.76339,0.70188,0.65474,0.64218,0.39595,0.51658,0.089078,0.6052,0.28848,0.29178,0.66596,0.50882,0.61746,0.43705,0.70305,0.88172,0.86895,0.84984,0.88139,0.8785,0.8147,0.77783,0.97691,0.97399,0.86718,0.84662,0.94869,0.98015,0.9858,0.98249,0.95366,0.95029,0.93553,0.9706,0.81798,0.94209,0.914,0.86852,0.9025,0.66242,0.33909,0.55447,0.44255,0.66306,0.50826,0.65121,0.60544,0.40079,0.78869,0.62334,0.27746,0.34024,0.49775,0.57312,0.63816,0.62505,0.69316,0.81829,-0.013507,0.47188,0.39422,0.43401,0.55242,0.75127,0.31295,0.81751,0.82651,0.88136,0.97081,0.9755,0.91926,0.97061,0.7017,0.85756,0.80989,0.89066,0.77735,0.054445,0.0254,0.30155,0.19442,0.55951,0.64805,0.26199,0.57262,0.45533,0.42261,0.62731,0.59615,0.74367,0.62607,0.88674,0.25036,0.31968,0.4509,0.72864,0.7088,0.6954,0.90188,0.81007,0.39671,0.81319,0.88911,0.89851,0.65844,0.74276,0.90015,0.67891,0.62716,0.72986,0.72473,0.95495,0.70241,0.84522,0.8534,0.73799,0.78189,0.49998,0.10913,0.19337,0.29832,0.30727,0.59179,0.40472,0.20676,0.18157,0.20098,0.72887,0.73535,0.62048,0.80397,0.73889,0.47007,0.5246,0.55793,0.82617,0.79606,0.72806,0.89662,0.81516,0.83953,0.7827,0.85815,0.97431,0.93144,0.95239,0.95142,0.97425,0.9887,0.98807,0.58877,0.68697,0.88544,0.81441,0.29575,0.66076,0.48491,0.44211,0.78465,0.80516,0.70987,0.21959,0.25981,0.12477,0.55424,0.35974,0.5449,0.50017,0.11325,0.055929,0.76881,0.87532,0.1755,0.22287,0.7095,0.52074,0.60776,0.39665,0.6843,0.51719,0.81559,0.85226,0.56191,0.72843,0.82126,0.72177,0.78183,0.85912,0.7854,0.85286,0.82145,0.74475,0.9123,0.80903,0.82161,0.78514,0.34111,0.28801,0.65707,0.66041,0.85251,0.7133,0.82835,0.25398,0.69355,0.92942,0.65073,0.81136,0.89827,0.61614,0.70529,0.92078,0.92667,0.96665,0.969,0.93748,0.92316,0.92328,0.91489,0.57122,0.87016,0.91381,0.89338,0.92635,0.99453,0.99452,0.99178,0.98859,0.99098,0.96775,0.9917,0.98801,0.98954,0.97002,0.82657,0.43213,0.72832,0.59359,0.55212,0.59381,0.76544,0.72901,0.7226,0.50061,0.75387,0.65539,0.71349,0.67113,0.78514,0.8876,0.47161,0.89647,0.44656,0.35365,0.73545,0.7488,0.53734,0.52385,0.64544,0.65791,0.59414,0.68851,0.53059,0.87956,0.5034,0.53274,0.66107,0.72848,0.90705,0.95505,0.95456,0.96505,0.9866,0.99118,0.93436,0.95472,0.81543,0.94857,0.93201,0.96664,0.86522,0.91009,0.57964,0.88311,0.88637,0.34584,0.6407,0.70137,0.78701,0.88786,0.81992,0.6391,0.81606,0.91399,0.80415,0.92078,0.89671,0.82926,0.52641,0.6401,0.89597,0.82307,0.72901,0.89141,0.72617,0.94989,0.91226,0.94005,0.92362,0.83655,0.83131,0.93113,0.79615,0.81212,0.85609,0.81985,0.95728,0.93617,0.91069,0.93153,0.86447,0.88911,0.69476,0.26806,0.18311,0.46735,0.84753,0.60592,0.84168,0.92028,0.075454,0.74033,0.76773,0.48263,0.82782,0.69459,0.9222,0.8088,0.70725,0.93467,0.36834,0.83972,0.8633,0.67898,0.69184,0.81797,0.74479,0.90185,0.89774,0.97627,0.78344,0.80615,0.85298,0.97651,0.89763,0.97944,0.91904,0.94976,0.96779,0.93893,0.90815,0.99257,0.9861,0.98703,0.93622,0.9833,0.98958,0.98462,0.7772,0.95208,0.90443,0.94572,0.95336,0.94412,0.81492,0.65583,0.91021,0.025684,0.6746,0.63271,0.91992,0.92827,0.42798,0.73273,0.68078,0.74054,0.72128,0.59351,0.83349,0.89017,0.89581,0.89629,0.88555,0.76971,0.92032,0.71459,0.91191,0.90852,0.86027,0.98315,0.9865,0.97863,0.96654,0.94231,0.97214,0.96205,0.9554,0.95029,0.93767,0.88774,0.73873,0.84878,0.89848,0.74008,0.20986,0.60587,0.45049,0.62322,0.82326,0.90276,0.66345,0.79228,0.54172,0.58657,0.73591,0.54934,0.95178,0.73318,0.72352,0.48133,0.79779,0.77339,0.5929,0.38297,0.5012,0.85459,0.91556,0.75155,0.89128,0.79216,0.7917,0.64031,0.87563,0.82363,0.84787,0.87156,0.94623,0.9409,0.99026,0.98582,0.94736,0.95332,0.91541,0.96519,0.9262,0.95819,0.94172,0.88515,0.693,0.72775,0.90779,0.84705,0.84701,0.888,0.45936,0.80243,0.84361,0.88565,0.87723,0.71457,0.75692,0.85843,0.92364,0.76472,0.80651,0.88311,0.90292,0.61906,0.69927,0.6495,0.69578,0.93269,0.7682,0.74455,0.92693,0.86356,0.87762,0.9627,0.98599,0.94097,0.93907,0.93287,0.87157,0.92213,0.91315,0.69611,0.83056,0.44481,0.64387,0.80127,0.43986,0.57354,0.55192,0.73877,0.79698,0.72903,0.67425,0.69969,0.90894,0.60583,0.82944,0.94642,0.82289,0.77849,0.92162,0.92442,0.77756,0.93964,0.88963,0.75138,0.86083,0.94629,0.93632,0.68453,0.71037,0.8624,0.81989,0.95119,0.91109,0.89923,0.96822,0.87528,0.93254,0.90526,0.82431,0.77877,0.6692,0.84369,0.8025,0.8987,-0.0035438,0.59815,0.28371,0.26881,0.37389,0.65094,0.50733,0.53194,0.90603,0.83193,0.91025,0.80902,0.55174,0.82381,0.67665,0.59464,0.4241,0.75004,0.80918,0.83971,0.83948,0.90827,0.73059,0.91109,0.84178,0.88742,0.93654,0.96108,0.75746,0.93845,0.89916,0.76622,0.32132,0.76519,0.69672,0.50484,0.56286,0.57085,0.57802,0.56446,0.72964,0.85929,0.70455,0.83993,0.81426,0.79286,0.27834,0.64712,0.87511,0.91704,0.83654,0.7635,0.79917,0.85723,0.88927,0.61216,0.9246,0.94519,0.88823,0.9435,0.92521,0.95703,0.91943,0.87217,0.59075,0.83467,0.51219,0.86559,0.89679,0.80828,0.84935,0.75747,0.95405,0.90326,0.67118,0.49731,0.9758,0.96675,0.96849,0.94942,0.96695,0.56182,0.94828,0.86365,0.90183,0.68631,0.84798,0.89141,0.94774,0.80948,0.89291,0.826,0.90354,0.94759,0.91507,0.9068,0.89087,0.88029,0.77628,0.93755,0.97452,0.9809,0.99055,0.96662,0.96865,0.98813,0.9831,0.99307,0.99404,0.98856,0.99002,0.97634,0.93822,0.95561,0.94192,0.76753,0.94507,0.85789,0.78951,0.91504,0.7843,0.8532,0.94405,0.84576,0.9692,0.94313,0.94695,0.84112,0.87666,0.90303,0.97387,0.88862,0.94254,0.94188,0.901,0.95637,0.94162,0.97535,0.89857,0.95795,0.95133,0.95888,0.86703,0.91189,0.96528,0.94217,0.93987,0.8601,0.81641,0.8391,0.82558,0.49037,0.089464,0.88817,0.57716,0.43522,0.2677,0.73115,0.55589,0.55402,0.3873,0.7769,0.81983,0.58547,0.57305,0.60114,0.39752,0.75061,0.77788,0.59875,0.87996,0.85672,0.8851,0.67011,0.67036,0.77065,0.8055,0.94467,0.89545,0.44332,0.87699,0.94942,0.90428,0.89523,0.83606,0.96464,0.93416,0.93378,0.93062,0.78278,0.97279,0.98942,0.99261,0.97749,0.97804,0.98892,0.88953,0.94472,0.9574,0.90985,0.91741,0.90668,0.87569,0.91445,0.81392,0.65623,0.52015,0.79307,0.49546,0.85432,0.77348,0.72332,0.65474,0.77762,0.60424,0.53872,0.86931,0.87975,0.71054,0.92699,0.88878,0.4219,0.90113,0.96939,0.94994,0.9608,0.94468,0.94793,0.97384,0.98829,0.9819,0.96808,0.9664,0.96953,0.94449,0.93231,0.76809,0.55356,0.80179,0.38535,0.79699,0.35825,0.25164,0.70865,0.52214,0.46651,0.56044,0.79964,0.20777,0.70686,0.89925,0.87757,0.91591,0.3365,0.90223,0.83047,0.69723,0.71579,0.78501,0.86231,0.77517,0.8077,0.65466,0.8983,0.82808,0.65992,0.88708,0.8547,0.80586,0.80885,0.86342,0.89475,0.92293,0.90266,0.89374,0.85006,0.84656,0.97844,0.90501,0.94451,0.97655,0.98051,0.95782,0.95431,0.96766,0.59309,0.7753,0.59054,0.7419,0.63223,0.44616,0.81207,0.44758,0.51103,0.75532,0.46402,0.77859,0.52154,0.59893,0.83187,0.80563,0.88344,0.63374,0.7343,0.93236,0.79453,0.58891,0.69176,0.69259,0.91622,0.85756,0.70751,0.62805,0.86035,0.88024,0.82104,0.95648,0.94264,0.91532,0.73568,0.65972,0.51755,0.82614,0.18558,0.64923,0.55404,0.41842,0.86363,0.70076,0.80986,0.66341,0.69276,0.57306,0.75072,0.76122,0.78977,0.77398,0.65364,0.66577,0.79362,0.40369,0.78352,0.90501,0.909,0.94512,0.72324,0.8561,0.35359,0.71699,0.76174,0.69067,0.89959,0.70517,0.61253,0.77024,0.914,0.80757,0.95521,0.84392,0.83753,0.63061,0.84063,0.80688,0.75739,0.76681,0.81969,0.40716,0.16091,0.72715,0.7194,0.86229,0.74395,0.90596,0.20862,0.17674,0.72045,0.40436,0.67817,0.57617,0.73256,0.26929,0.51508,0.87098,-0.22365,0.35566,0.46633,0.62295,0.61236,0.57285,0.62113,0.43548,0.84459,0.74679,0.82943,0.72719,0.67638,0.82589,0.88625,0.81906,0.76425,0.81676,0.90659,0.87935,0.82585,0.94693,0.92508,0.77972,0.62762,0.55375,0.58679,0.66852,0.56504,0.62247,0.27267,0.51879,0.59912,0.38418,0.42972,0.70552,0.6391,0.74599,0.79457,0.61109,0.77502,0.90518,0.92915,0.64906,0.69252,0.4683,0.77836,0.8896,0.95003,0.91289,0.85743,0.85312,0.82898,0.93196,0.9428,0.97151,0.97583,0.97105,0.94416,0.73225,0.70119,0.85707,0.5706,0.61472,0.42604,0.86444,0.016615,0.49935,0.41649,0.56418,0.6037,0.59648,0.39612,0.72994,0.65828,0.81106,0.79149,0.52099,0.62126,0.69578,0.67145,0.74923,0.93876,0.88723,0.83795,0.6671,0.66818,0.66841,0.8999,0.79243,0.92711,0.74892,0.69082,0.82952,0.88816,0.83514,0.72732,0.92267,0.79864,0.94188,0.76792,0.77873,0.86421,0.90836,0.74086,0.85295,0.6348,0.96473,0.97049,0.97952,0.96874,0.96757,0.77971,0.79208,0.69237,0.95234,0.81693,0.94117,0.94765,0.93439,0.89957,0.91827,0.97786,0.97184,0.96604,0.96731,0.94718,0.86687,0.61417,0.84918,0.97959,0.9707,0.97843,0.99394,0.95242,0.98823,0.98651,0.99339,0.98111,0.98661,0.99154,0.9848,0.97028,0.93202,0.91854,0.89011,0.86967,0.94615,0.84718,0.83703,0.73992,0.95518,0.81112,0.89202,0.8949,0.93935,0.94849,0.92855,0.78711,0.91085,0.92712,0.85797,0.7611,0.86244,0.78116,0.9519,0.91737,0.95229,0.97504,0.93245,0.82602,0.83787,0.83225,0.91547,0.95528,0.95231,0.90226,0.93891,0.88957,0.9798,0.97377,0.95665,0.97565,0.87972,0.7383,0.92598,0.86392,0.86707,0.85257,0.86302,0.8661,0.66817,0.82073,0.75431,0.91787,0.362,0.82071,0.75951,0.47539,0.72098,0.73468,0.89589,0.59263,0.46465,0.68372,0.6406,0.8408,0.88671,0.67959,0.79299,0.68779,0.7662,0.90639,0.83685,0.90212,0.94806,0.95774,0.93309,0.93773,0.80788,0.86782,0.76153,0.60514,0.88017,0.78004,0.83769,0.87916,0.72131,0.83732,0.85673,0.53552,0.42459,0.80181,0.38555,0.029922,0.71945,0.068698,0.69853,0.75883,0.75597,0.61797,0.50519,0.50515,0.49092,0.37848,0.64617,0.73356,0.4604,0.60037,0.39025,0.63446,0.73871,0.55414,0.71955,0.66187,0.48953,0.91351,0.87746,0.67965,0.82588,0.80011,0.75662,0.50228,0.77753,0.47119,0.5664,0.84912,0.78089,0.92587,0.72751,0.93817,0.95614,0.84696,0.95653,0.8613,0.53124,0.86336,0.92396,0.85643,0.93785,0.86376,0.9011,0.84445,0.6643,0.72375,0.54268,0.65086,0.20962,0.26784,0.71108,0.57533,0.72708,0.47961,0.84052,0.51923,0.80421,0.66682,0.65683,0.82116,0.55587,0.43789,0.56632,0.86279,0.67077,0.8483,0.14656,0.50497,0.79185,0.89465,0.58444,0.7191,0.7878,0.81655,0.75368,0.85694,0.72109,0.68524,0.86587,0.87098,0.74183,0.44082,0.75896,0.83277,0.8289,0.535,0.18219,0.50133,0.3049,0.86703,0.53978,0.5494,0.73835,0.62321,0.58855,0.57775,0.90784,0.9887,0.98345,0.9292,0.92394,0.90211,0.91743,0.92808,0.9173,0.85076,0.81748,0.86031,0.77822,0.86865,0.63489,0.48644,0.65031,0.64773,0.51937,0.68621,0.83566,0.93533,0.95162,0.97323,0.71196,0.91533,0.93105,0.97965,0.92447,0.70353,0.93869,0.9388,0.86899,0.76181,0.82305,0.86271,0.74345,0.81692,0.7371,0.086625,0.44739,0.62928,0.86288,0.49905,0.47912,0.51565,0.73851,0.47021,0.36943,0.62617,0.50617,0.85638,0.95641,0.9163,0.88558,0.73646,0.77202,0.56012,0.8179,0.90152,0.70725,0.91463,0.95837,0.83818,0.90987,0.95721,0.96475,0.84358,0.85351,0.90406,0.82548,0.8791,0.39808,0.62486,0.80382,0.83186,0.85286,0.67304,0.43303,0.60531,0.50418,0.41223,0.63985,0.83468,0.25863,0.58815,0.78035,0.30372,0.84263,0.46791,0.69724,0.79225,0.7415,0.77246,0.59445,0.42139,0.46671,0.49623,0.48948,0.53882,0.72448,0.74334,0.62526,0.75119,0.85982,0.7495,0.84891,0.85478,0.89913,0.72853,0.9426,0.89998,0.88308,0.85546,0.86758,0.8932,0.85717,0.76059,0.47656,0.9138,0.58323,0.48143,0.39531,0.55535,0.74411,0.86719,0.67692,0.34334,0.79745,0.37229,0.64723,0.50556,0.53246,0.84781,0.60934,0.57021,0.58703,0.37574,0.82047,0.84548,0.76957,0.64863,0.81952,0.74561,0.69023,0.79618,0.72453,0.80738,0.76275,0.86632,0.8586,0.46929,0.83108,0.91854,0.97171,0.97006,0.9802,0.9616,0.91556,0.876,0.85693,0.80377,0.66353,0.78206,0.78015,0.84703,0.91183,0.88053,0.74903,0.7456,0.77172,0.47331,0.78497,0.83307,0.64408,0.3706,0.76214,0.87316,0.91188,0.94584,0.81331,0.9369,0.83342,0.91147,0.96803,0.79884,0.80506,0.90622,0.9436,0.94788,0.93827,0.93156,0.58946,0.93087,0.9357,0.96732,0.93342,0.94817,0.9941,0.97927,0.98734,0.97192,0.99312,0.93791,0.91338,0.89872,0.95685,0.77745,0.89079,0.76856,0.67252,0.5568,0.74395,0.77234,0.56663,0.5012,0.7876,0.57368,0.72262,0.5108,0.36734,0.17667,0.48486,0.61371,0.86753,0.58381,0.32087,0.85178,0.84322,0.60167,0.83264,0.66826,0.65955,0.67688,0.54355,0.77786,0.593,0.80789,0.66495,0.83183,0.74756,0.77959,0.90593,0.91802,0.82484,0.8304,0.83223,0.62066,0.8712,0.82723,0.85448,0.74794,0.77545,0.49796,0.73229,0.6733,0.40526,0.33538,0.48052,0.92946,0.92887,0.42431,0.030919,0.81264,0.36871,0.67273,0.45479,0.76674,0.32982,0.4312,0.54129,-0.20345,0.041754,0.35824,0.36014,0.52139,0.52624,0.65157,0.62019,0.096017,0.65728,0.78235,0.60471,0.68352,0.87487,0.60188,0.80506,0.93098,0.76606,0.76903,0.80733,0.624,0.83071,0.9076,0.98788,0.97741,0.97264,0.94115,0.97654,0.88776,0.79383,0.84728,0.79822,0.4501,0.58681,0.78735,0.6251,0.537,0.39734,0.84868,0.46801,0.84475,0.3289,0.4086,0.66227,0.16073,0.38356,0.46096,0.78931,0.57451,0.77927,0.49866,0.49192,0.54371,0.52685,0.73489,0.72939,0.9043,0.76149,0.95173,0.94551,0.81389,0.92162,0.9452,0.87517,0.94162,0.86291,0.4681,0.56146,0.58723,0.38592,0.68212,0.76814,0.86485,0.63824,0.14579,0.7775,0.20887,0.3166,0.59978,0.63223,0.22721,0.84252,0.47308,0.30555,0.22611,0.61691,0.21736,0.32025,0.37521,0.55989,0.39907,0.46872,0.68929,0.34735,0.3497,0.30975,0.34845,0.33217,0.55033,0.14385,0.50622,0.53827,0.5021,0.73281,0.65205,0.72956,0.69755,0.66757,0.74008,0.55527,0.70625,0.59337,0.84575,0.84246,0.882,0.73756,0.92029,0.96901,0.95997,0.97051,0.89512,0.88116,0.72006,0.5416,0.76501,0.91717,0.79795,0.27582,0.78336,0.52035,0.21375,0.43224,0.58429,0.52892,0.34694,0.4516,0.74039,0.5064,0.62718,0.69757,0.54628,0.71981,0.80292,0.51099,0.51374,0.60212,0.47388,0.56865,0.77608,0.47337,0.63111,0.78031,0.67447,0.74226,0.661,0.50688,0.7341,0.67292,0.65714,0.81276,0.83365,0.74519,0.87694,0.77768,0.83954,0.51077,0.34956,0.58067,0.71658,0.27377,0.69498,0.13301,0.62435,0.37393,0.73512,0.38988,0.12598,0.30418,0.57433,0.16506,0.34723,0.8749,0.98223,0.97866,0.9347,0.91224,0.90829,0.90348,0.93483,0.88616,0.73784,0.82696,0.84232,0.71457,0.78142,0.42188,0.42113,0.6082,0.75565,0.69125,0.39755,0.88132,0.68689,0.63494,0.88136,0.88589,0.67393,0.81394,0.70288,0.77975,0.69336,0.27997,0.56223,0.33939,0.68094,0.53042,0.52264,0.39743,0.58667,0.73599,0.66765,0.68912,0.29223,0.60178,0.12196,0.32208,0.22971,0.31586,0.54685,0.36309,0.70079,0.41179,0.5354,0.37467,0.50937,0.42676,0.61778,0.52484,0.80076,0.76159,0.81716,0.92791,0.91578,0.87875,0.51847,0.89964,0.88583,0.88506,0.86851,0.85242,0.79152,0.7962,0.64738,0.81209,0.63744,0.63562,-0.013947,0.59789,0.82252,0.621,0.71612,0.61968,0.41577,0.1296,0.69637,0.91353,0.63325,0.70424,0.76957,0.54987,0.62225,0.65942,0.18134,0.53959,0.85147,0.48534,0.32821,0.70529,0.38835,0.75395,0.85303,0.87457,0.75243,0.90862,0.9268,0.92755,0.83185,0.94758,0.98346,0.94429,0.98898,0.97583,0.97448,0.97757,0.98333,0.97778,0.92691,0.8565,0.92454,0.90275,0.82463,0.89434,0.89357,0.84753,0.90806,0.71496,0.4035,0.82358,0.50811,0.48417,0.4925,0.65346,0.45475,0.45545,0.38071,0.19953,0.50186,0.57916,0.76522,0.27663,0.4905,0.58614,0.57243,0.31962,0.29294,0.37976,0.59127,0.4037,0.41168,0.58374,0.24928,0.47065,0.71855,0.78792,0.69101,0.80226,0.74894,0.91451,0.93992,0.93476,0.95502,0.98774,0.98521,0.9376,0.87623,0.77365,0.79999,0.86723,0.72162,0.47612,0.70698,0.78027,0.42429,0.86551,0.87234,0.63107,0.59297,0.781,0.74709,0.91194,0.85485,0.3306,0.65061,0.88965,0.90937,0.92244,0.81429,0.83315,0.78234,0.90338,0.90446,0.86414,0.71677,0.90761,0.81863,0.86309,0.889,0.88315,0.81593,0.69409,0.60999,0.73144,0.82227,0.89653,0.98765,0.9743,0.97031,0.97503,0.98337,0.85996,0.78628,0.86234,0.913,0.6504,0.35493,0.91063,0.20159,0.52156,0.4721,0.83115,0.56709,0.49479,0.80528,0.72601,0.71084,0.73375,0.9039,0.50238,0.75975,0.71697,0.86406,0.3564,0.41932,0.55751,0.25728,0.43863,0.50737,0.54334,0.62965,0.41637,0.52614,0.5585,0.79327,0.55695,0.41657,0.27414,0.66914,0.67528,0.81062,0.392,0.63157,0.72209,0.5309,0.91714,0.84016,0.84125,0.49759,0.85708,0.82747,0.83463,0.76225,0.38058,0.23451,0.5587,0.52269,0.61121,0.30349,0.58982,0.5574,0.19037,-0.010975,0.81696,0.4921,0.21892,0.15462,-0.040046,0.75667,-0.16435,0.16027,0.30245,0.34167,0.051332,0.83557,0.76779,0.34733,0.90049,0.84205,0.87393,0.91506,0.92874,0.86785,0.95145,0.93468,0.96315,0.95499,0.96101,0.9633,0.86459,0.95808,0.97773,0.97996,0.95591,0.95929,0.91992,0.95925,0.90803,0.75772,0.83825,0.86955,0.91525,0.85171,0.7687,0.78397,0.77819,0.64046,0.70974,0.31672,0.6873,0.6905,0.81179,0.29706,0.69887,0.27392,0.42922,0.52626,0.59212,0.11942,0.42097,0.67619,0.91785,0.91034,0.95957,0.69607,0.65729,0.96619,0.95757,0.92456,0.94888,0.77706,0.94468,0.97397,0.92029,0.95345,0.94029,0.9243,0.91678,0.87278,0.83591,0.87833,0.80785,0.75728,0.76223,0.45705,0.70064,0.45653,0.092073,0.21708,0.83429,0.70545,0.66441,0.62332,0.50812,0.27729,0.47108,0.13063,0.53152,0.56202,0.82727,0.54197,0.15601,0.58485,0.55083,0.45523,0.15763,0.31935,0.33959,0.79483,0.54635,0.56957,0.77564,0.81868,0.41063,0.81202,0.67547,0.83243,0.77679,0.91279,0.85567,0.89703,0.87061,0.88419,0.90958,0.98182,0.90908,0.96317,0.65365,0.89058,0.79448,0.6384,0.56453,0.36465,0.66155,0.70651,0.85747,0.30719,0.28357,0.14484,0.81013,0.56994,0.78067,0.30095,0.57919,0.83166,0.64784,0.49548,0.38805,0.0748,0.57305,0.5411,0.57665,0.74304,0.73704,0.62079,0.9108,0.68094,0.7114,0.8342,0.44609,0.56765,0.8154,0.90122,0.67488,0.9627,0.93996,0.93132,0.94131,0.8775,0.85343,0.82908,0.72099,0.48992,0.113,0.17287,-0.043235,0.38956,0.83141,0.38301,0.50434,0.20106,0.6526,0.5091,0.6444,0.12491,0.3546,0.34071,0.78331,0.32481,0.06118,0.66098,0.61627,0.66606,0.58978,0.322,0.41591,0.34591,0.71614,0.52498,0.60857,0.56357,0.47235,0.56866,0.93068,0.61641,0.58308,0.58375,0.54348,0.76737,0.93723,0.97427,0.93821,0.88654,0.89537,0.82137,0.85552,0.7824,0.44859,0.84107,0.61045,0.41412,0.62714,0.46926,0.67716,-0.033475,0.51937,0.47985,0.29656,0.25882,0.67224,0.13958,0.75998,0.58769,0.51749,0.51893,0.67961,0.78987,0.32619,0.70254,0.85107,0.88549,0.82921,0.85711,0.85312,0.81928,0.91437,0.93446,0.89988,0.97308,0.96824,0.97479,0.97577,0.9235,0.8816,0.84136,0.96179,0.94418,0.88376,0.84088,0.85168,0.69005,0.86204,0.36144,0.85508,0.62959,0.40297,0.76497,0.63286,0.52724,0.54881,0.74821,0.45624,0.56402,0.54942,0.655,0.63877,0.54923,0.4012,0.7827,0.52201,0.72135,0.87478,0.69025,0.86748,0.54137,0.39267,0.89459,0.84649,0.90541,0.95059,0.74363,0.9187,0.91223,0.82821,0.86464,0.81006,0.73556,0.85389,0.27808,0.59621,0.46445,0.27659,0.57096,0.37396,0.82007,0.40807,0.6211,0.38378,0.35938,0.32403,0.72456,0.54921,0.48982,0.42877,0.52481,0.26087,0.40649,0.42706,0.70344,0.28259,0.49258,0.64452,0.74885,0.6788,0.63926,0.81364,0.79716,0.81059,0.56304,0.86375,0.79215,0.87548,0.837,0.9125,0.94999,0.98556,0.97803,0.97717,0.95002,0.82749,0.71018,0.80775,0.86126,0.784,0.91995,0.78622,0.80148,0.91955,0.93678,0.87555,0.49532,0.48624,0.71714,0.45524,0.7593,0.86381,0.71317,0.69671,0.88357,0.77788,0.72378,0.79284,0.91371,0.88685,0.62804,0.52359,0.81553,0.87009,0.90264,0.91283,0.74937,0.80341,0.8001,0.91276,0.88791,0.94741,0.91075,0.95215,0.90704,0.91661,0.95369,0.86144,0.97218,0.9259,0.86587,0.87621,0.88663,0.96295,0.95577,0.8561,0.93968,0.93754,0.89863,0.91507,0.57443,0.5012,0.78294,0.65506,0.88193,0.74598,0.83434,0.76399,0.55494,0.57343,0.7568,0.7722,0.35993,0.83835,0.77571,0.76191,0.55099,0.2847,0.64406,0.74781,0.42377,0.42117,0.22686,0.76316,0.5303,0.85263,0.74119,0.66558,0.71395,0.84012,0.80847,0.79391,0.63872,0.45479,0.70255,0.87814,0.90291,0.91783,0.87298,0.90142,0.845,0.55322,0.47656,0.29896,0.26349,0.21094,0.8049,0.44431,0.015757,0.33375,0.56382,0.37531,0.33258,0.56314,0.72272,0.27358,0.44502,0.59832,0.36142,0.42494,0.61961,0.25407,0.81446,0.46137,0.89111,0.87062,0.70431,0.71285,0.90682,0.80182,0.85404,0.93138,0.86805,0.73103,0.81634,0.73925,0.90116,0.96406,0.94964,0.91829,0.86784,0.96427,0.97912,0.945,0.95693,0.9723,0.95659,0.89917,0.84973,0.54716,0.85951,0.76587,0.82681,0.89031,0.92089,0.67212,0.70559,0.41393,0.56455,0.6131,0.50457,0.4132,0.78698,0.6247,0.60019,0.60851,0.73641,0.92078,0.6901,0.77012,0.78011,0.91563,0.96535,0.80987,0.8779,0.89742,0.96207,0.96881,0.95767,0.9479,0.93922,0.98763,0.97984,0.94032,0.86658,0.93239,0.86113
