0.99262,0.98667,0.75369,0.99129,0.97787,0.94728,0.99448,0.98979,0.99301,0.8716,0.94459,0.75299,0.97063,0.99481,0.9908,0.9874,0.88678,0.99224,0.95263,0.9944,0.98498,0.9368,0.95858,0.9775,0.97327,0.86842,0.96963,0.99487,0.96924,0.99375,0.99027,0.98893,0.99455,0.98682,0.99473,0.98177,0.98525,0.4239,0.048326,0.99489,0.9461,0.9928,0.9823,0.9933,0.79451,0.024568,0.99497,0.99483,0.92958,0.98921,0.96786,0.95184,0.94835,0.9446,0.9922,0.96026,0.98857,0.91541,0.98112,0.99437,0.99328,0.99054,0.99367,0.97111,0.91721,0.99493,0.90304,0.99246,0.9804,0.96643,0.93692,0.98125,0.99367,0.99417,0.97924,0.94304,0.98327,0.99176,0.99248,0.99462,0.99375,0.99412,0.96803,0.96156,0.65471,0.98876,0.9399,0.97258,0.99355,0.99327,0.99293,0.95059,0.97967,0.9907,0.98811,0.97282,0.96317,0.94788,0.38887,0.46194,-0.030287,0.99035,0.93691,0.87127,0.99138,0.90379,0.94051,0.97795,0.97729,0.99079,0.9887,0.91274,0.98605,0.75567,0.95512,0.9777,0.98837,0.92533,0.30253,0.67212,0.49386,0.1128,0.98315,0.57378,0.98985,0.25719,0.94907,0.91451,0.38322,0.49363,0.94695,0.99237,0.91816,0.97261,0.93718,0.91096,0.75384,4.1106e-05,0.98429,0.99281,0.96796,0.92907,0.95878,0.99273,0.98178,0.99459,0.99485,0.9222,0.9813,0.99146,0.82153,0.98473,0.69394,0.99443,0.9947,0.0088523,0.86494,0.99279,0.9703,0.89432,0.98106,0.99202,0.96188,0.97317,0.99352,0.97223,0.94512,0.9533,0.99342,0.9926,0.92373,0.62803,0.98945,0.57541,0.93749,0.99208,0.9935,0.91652,0.4392,0.75743,0.57503,0.93628,0.87234,0.95113,0.95343,0.98138,0.9942,0.97842,0.15693,0.96614,0.96746,0.98201,0.92457,0.93272,0.81898,0.96059,0.38766,0.95378,0.97599,0.29606,0.94402,0.99135,0.92745,0.98375,0.9107,0.99385,0.18497,0.80118,0.92677,0.98838,0.95244,0.9863,0.38441,0.39316,0.9839,0.95711,0.92793,0.98156,0.9301,0.98869,0.93432,0.93442,0.97094,0.96018,0.98685,0.97143,0.98855,0.92425,0.98755,0.96429,0.015042,0.8304,0.99098,0.93784,0.95039,0.99059,0.97567,0.99315,0.99412,0.9946,0.94591,0.88728,0.8937,0.98127,0.65753,0.95557,0.8208,0.41634,0.97969,0.98472,0.98299,0.97858,0.98703,0.98759,0.99345,0.97891,0.96175,0.87635,0.93375,0.31506,0.72221,0.95742,0.9862,0.95146,0.99388,0.29866,0.98869,0.55936,0.86088,0.90415,0.88971,0.9534,0.99233,0.97578,0.85747,0.98218,0.99332,0.98909,0.92445,0.9948,0.97793,0.1942,0.92338,0.90299,0.64933,0.93462,0.97596,0.0020569,0.16144,0.99169,0.98911,0.55653,0.98993,0.94153,0.90603,0.78367,0.98129,0.99416,0.98883,0.84556,0.97624,0.69525,0.99003,0.98515,0.99054,0.94855,0.99376,0.95024,0.95713,0.99227,0.75274,0.89294,0.9613,0.99422,0.057237,0.99102,0.82841,0.99061,0.98008,0.61805,0.98256,0.94026,0.976,0.52997,0.8754,0.97386,0.97654,0.96578,0.96216,0.96322,0.87955,0.85301,0.96848,0.99265,0.98332,0.69225,0.98992,0.98508,0.68831,0.65329,0.85737,0.99407,0.99291,0.19545,0.95055,0.94281,0.87543,0.96437,0.83674,0.60865,0.33383,0.98555,0.98739,0.050475,0.0008804,0.90306,0.9324,0.95395,0.99109,0.98883,0.95302,0.99302,0.99225,0.90261,0.98602,0.99224,0.99375,0.98848,0.98664,0.98479,0.99356,0.98826,0.91348,0.99467,0.4365,0.97894,0.98028,0.92386,0.16073,0.76329,0.92025,0.93789,0.98921,0.62302,0.51735,0.42407,0.64796,0.77309,0.71302,0.90472,0.95729,0.94919,0.99442,0.98112,0.94444,0.98654,0.98783,0.86168,0.98174,0.96825,0.16516,0.066979,0.69683,0.8547,0.53862,0.37676,0.84237,0.44026,0.9689,0.98722,0.98655,0.9719,0.97036,0.84272,0.36887,0.011429,0.3209,0.44182,0.98345,0.94258,0.87458,0.14639,0.53581,0.31944,0.23014,0.45342,0.78061,0.62825,0.98511,0.98612,0.5537,0.62463,0.46652,0.58475,0.98882,0.96564,0.83826,0.56629,0.43924,0.47756,0.22009,0.15029,0.72352,0.95179,0.93021,0.54585,0.90243,0.98511,0.45278,0.96469,0.93288,0.47411,0.29333,0.64163,0.39152,0.25117,0.058081,0.48242,0.054588,-0.012288,0.066498,0.99348,0.16904,0.0036812,0.099254,0.93075,0.59284,0.61019,0.39942,0.92818,0.40391,0.048378,0.73304,0.36736,0.65747,0.39741,-0.0015818,0.31037,0.23404,0.1138,0.0018307,0.93066,0.30366,0.4124,0.43349,0.49607,0.17984,-0.055268,0.088078,0.43229,-0.0027078,-0.00025059,0.29979,0.79236,0.40599,0.76044,0.10291,-0.00065387,0.62494,0.087795,0.0098889,0.33069,-0.0041906,0.63751,0.027856,0.59816,0.059671,0.11037,0.016716,0.055702,-0.00020134,0.031898,0.11555,0.90385,0.19072,0.15352,0.60261,0.090524,0.087915,0.20161,0.63169,0.070076,0.10712,0.32181,0.37998,0.36241,0.00094084,0.1574,0.48329,0.78542,0.60435,0.6923,0.34693,0.20079,0.29593,0.045278,-7.5024e-05,0.097115,0.055252,0.63299,0.090717,0.11876,0.39614,0.039353,0.52471,0.36048,0.50494,0.46275,0.24454,-0.011221,0.080063,0.50918,0.051799,0.70415,0.028851,0.72917,0.19965,0.23364,0.51055,0.81502,0.99016,0.05924,-0.0011949,0.59861,-2.8156e-06,0.02344,0.21421,0.32725,0.13013,0.58157,0.031406,-0.0011614,0.34909,0.991,0.99457,0.07112,0.25937,-0.00027739,0.096092,0.04161,0.016584,0.46454,-0.0016012,0.06681,0.075111,0.33271,0.041228,0.96596,0.12681,0.22454,3.7852e-05,-0.00064023,9.9934e-05,0.076524,0.00040311,0.2847,0.013522,0.76372,0.37548,0.86848,0.1019,0.015341,0.29084,0.15176,0.1058,0.042717,0.093957,0.72891,0.13873,0.26789,0.033962,0.87835,0.4224,0.67791,0.46313,0.034563,0.34361,0.071257,0.38599,0.77868,0.46505,0.082893,0.0041619,0.90249,0.71374,0.95256,0.95317,0.80858,0.99271,0.35838,0.85068,0.062808,0.021081,0.10933,0.083755,0.28154,0.62495,0.48166,0.66667,0.99479,0.9828,0.99435,0.042007,0.30383,0.53439,0.51049,0.0089257,0.64327,0.39657,0.72261,0.70314,0.13231,0.13872,0.25029,0.56234,0.060305,0.51211,0.074724,0.69808,0.58285,0.94669,0.72988,0.23066,0.2134,-0.0022495,-0.00076173,0.1047,0.65327,0.025347,0.0001875,0.58934,0.088125,0.89205,0.10429,0.37282,0.59421,0.071614,0.14422,0.3366,0.056627,0.64448,-0.011819,0.42466,0.67553,0.96985,0.47329,0.49248,0.40825,0.34546,0.0082398,0.16769,0.044628,0.006633,0.18068,0.11235,0.0063055,0.021087,0.089659,0.47679,0.38155,0.039137,0.49014,0.47191,-0.0083575,0.66983,0.15997,0.00089585,0.72536,0.56055,0.62885,0.53391,0.34017,0.14763,0.96474,0.96671,0.99054,0.52396,0.52114,0.81412,0.36551,0.5508,0.64165,0.01367,0.00010534,0.6259,0.2008,0.72569,0.8309,0.99179,0.79367,0.98646,0.85114,0.0024369,0.43269,0.96361,0.97798,0.94426,0.82926,0.68764,0.77662,0.99327,0.21093,0.94622,-0.00015184,0.96271,0.96417,0.53571,0.38321,0.93674,0.97588,0.99108,0.98812,0.59938,0.44974,0.42535,0.91716,0.96018,0.11134,0.93986,0.87022,0.99231,0.9788,0.95487,0.9783,0.80585,0.24577,0.77985,0.63411,0.95386,0.3285,0.98089,0.89071,0.42274,0.85575,0.77216,0.87226,0.68977,0.28395,0.98324,0.95667,0.99024,0.99039,0.95282,0.37546,0.99353,0.98084,0.6472,0.95572,0.97503,0.95303,0.95971,0.63892,0.01108,0.91042,0.6603,0.83206,0.82984,0.13192,0.9946,0.99319,0.7856,0.97073,0.94464,0.95319,0.66826,0.93533,0.95794,0.9681,0.62845,0.23089,0.96331,0.22689,0.016954,0.24168,0.56706,0.99146,0.98398,0.00056031,0.87042,0.71856,0.86475,0.97665,0.64838,0.93875,0.39091,0.78691,0.98559,0.96426,0.96976,0.71276,0.37475,0.91778,0.57677,0.97229,0.64465,0.85603,0.08226,0.92411,0.34936,0.13697,0.78913,0.36072,0.0055547,0.9621,0.16309,0.84343,0.42645,0.42416,0.49115,0.18983,0.27774,0.40054,-0.016337,0.0065063,0.97735,0.77423,0.54664,0.051349,0.9559,0.81809,0.94062,0.21248,0.78565,0.8823,0.40041,0.84504,0.97993,0.6466,0.98979,0.98359,0.98293,0.19934,0.72808,0.98272,0.84327,0.99333,0.95034,0.83527,0.97977,0.9725,0.9344,0.97402,0.59243,0.98755,0.1336,0.65801,0.93221,0.98036,0.94851,0.85829,0.70768,0.92551,0.24465,0.98958,0.986,0.60251,0.95696,0.93884,0.96899,0.0034511,0.98594,0.9317,0.25764,0.96108,0.50701,0.33928,0.80328,0.23181,0.90798,0.75264,0.97681,0.86319,0.95713,0.25322,0.94308,0.72569,0.97729,0.97565,0.97921,0.96678,0.99389,0.44772,0.99447,0.10913,0.85356,0.98809,0.94638,0.65385,0.92833,0.95689,0.99192,0.9814,0.78828,0.97256,0.70354,0.82525,0.61397,0.52459,0.45728,0.89918,0.65065,0.87465,0.79809,0.17961,0.86002,0.91287,0.24823,0.43754,0.40615,0.78504,0.60415,0.6787,0.80372,0.6061,0.98293,0.89992,0.31187,0.91387,0.90649,0.95369,0.84324,0.82666,0.39439,0.70743,0.42059,0.97968,0.80157,0.9915,0.99415,0.89042,0.82521,0.88877,0.94593,0.99459,0.94305,0.99317,0.24932,0.99337,0.98724,0.98564,0.72269,0.98751,0.95874,0.63018,0.97384,0.68675,0.98869,0.30095,0.73996,0.99328,0.91189,0.21788,0.55541,0.62305,0.77121,0.89995,0.22345,0.99052,0.94441,0.98946,0.77992,0.71789,0.81912,0.036664,0.58747,0.99411,0.97774,0.94664,0.29784,0.96887,0.93886,0.99046,0.40742,0.92944,0.69604,0.95753,0.91243,0.86455,0.93539,0.64149,0.0011423,0.073483,0.16395,0.85992,0.72583,0.463,0.60722,0.79102,0.27957,0.54757,0.91867,0.99328,0.95805,0.99074,0.95368,0.97092,0.92655,0.96307,0.87181,0.99359,0.0053494,0.9836,0.6357,0.99426,0.96437,0.97711,0.97384,0.99152,0.99034,0.91177,0.98524,0.98084,-0.0020563,0.9175,0.89373,0.80388,0.84912,0.83149,0.80107,0.20515,0.98163,0.93183,0.44301,0.99009,0.92699,0.9521,0.74971,0.94036,0.3957,0.30556,0.99431,0.85679,0.99336,0.81868,0.99027,0.066745,0.98811,0.60686,0.77256,0.38544,0.98708,0.28746,0.19621,0.71772,0.66501,0.82242,0.64201,0.73278,0.76329,0.54084,0.56164,0.91607,0.44453,-0.031868,0.74889,0.11893,0.74994,0.8336,0.0043826,0.68978,0.3912,0.90976,0.66004,0.90737,0.92115,0.32834,0.94118,0.92062,0.16985,0.7117,0.92273,0.61479,0.9561,0.97301,0.83757,0.0054219,0.98382,0.9739,0.47159,0.337,0.94785,0.3037,0.65483,0.70888,0.92011,0.226,0.91451,0.87323,0.19457,0.9017,0.39775,0.87378,0.76873,0.86564,-0.029879,0.10766,0.33043,0.97322,0.96665,0.94784,0.33967,0.62608,0.27044,0.74752,0.74042,0.21413,0.81518,0.79986,0.96757,0.9311,0.9626,0.81645,0.16332,0.06287,0.47926,0.88197,0.77174,0.34713,0.95304,0.44261,0.58483,0.92889,0.034304,0.85274,0.51627,0.60029,0.40319,-0.0030325,0.6494,0.98622,0.92909,0.84174,0.97929,0.98257,0.84949,0.32213,0.96657,0.073003,0.74017,0.11992,0.5327,0.49805,0.94095,0.99008,0.95443,0.95725,0.98966,0.97941,0.5575,0.98333,0.96386,0.99291,0.92098,0.98888,0.89265,0.97349,0.94297,0.98406,0.35823,0.98447,0.95086,0.45549,0.89186,0.013186,0.34312,0.3391,0.80312,0.99229,0.87444,0.80034,0.93118,0.93837,0.1272,-0.00049454,0.25355,0.99214,0.96993,0.89267,0.48103,0.98696,0.42121,0.95748,0.9311,0.9896,0.94321,0.9854,0.23766,0.92954,0.27633,0.99041,0.83396,0.7828,0.7672,0.78243,0.97184,0.91955,0.93224,0.53971,0.95085,0.99204,0.96153,0.72157,0.98796,0.98976,0.97557,0.9372,0.67515,0.029009,0.97706,0.77546,0.71201,0.86428,0.90466,0.8847,0.73653,0.4823,0.97305,0.84463,0.10012,0.98977,0.91367,0.86896,0.48923,0.97117,0.86318,0.90073,0.9226,0.90232,0.70462,0.14717,0.99446,0.96541,0.89997,0.75304,0.68926,0.99444,0.96863,0.57276,0.28667,0.98403,0.16163,0.99093,0.9644,0.8451,0.08921,0.15272,0.9844,0.17764,0.66241,0.91695,0.98164,0.9357,0.99225,0.99398,0.9944,0.55968,0.95864,0.59598,0.72471,0.88197,0.99455,0.8708,0.90138,0.35133,0.89114,0.91488,0.97,0.96712,0.97093,0.9825,0.68317,1.3108e-06,0.96421,0.92862,0.95952,0.98365,0.45873,0.98958,0.98209,0.99105,0.98302,0.95546,0.94712,0.90425,0.66301,0.78726,0.98041,0.96988,0.3586,0.04646,0.97917,0.92167,0.96006,0.91511,0.27625,0.20232,0.73837,0.98018,0.93906,0.92945,0.11505,0.00034726,0.93996,0.95388,0.98966,0.076751,0.81306,0.42631,0.96974,0.56439,0.9339,0.20502,0.96885,0.92277,0.55327,0.86911,0.98392,0.95186,0.075135,0.98026,0.95264,0.02703,0.65439,0.54834,0.91671,0.081646,0.72626,0.91923,0.8579,0.43523,0.34907,0.0017906,0.96578,0.93829,0.73925,0.96565,0.95889,0.5436,0.22267,0.32069,0.95359,0.77299,0.1702,0.42091,0.52737,0.95011,0.96881,0.96912,0.71746,0.62015,0.83954,0.98368,0.98624,0.93669,0.99016,0.95934,0.83363,0.95935,0.9282,0.87307,0.97849,0.96324,0.99096,0.85303,0.9936,0.17792,0.88171,0.95872,0.51069,0.98509,0.96587,-0.015607,0.9911,0.93141,0.93763,0.91439,0.81791,0.020804,0.96744,0.93296,0.73464,0.81422,0.98977,0.94744,0.96873,0.46746,0.96488,0.94676,0.99428,0.94397,0.98498,0.95744,0.98859,0.95144,0.99341,0.85608,0.67718,0.99188,0.97929,0.7823,0.90248,0.84413,0.96405,0.74495,0.95899,0.96441,0.96597,0.93205,0.93934,0.28269,0.92385,0.74311,0.16264,0.95086,0.78005,0.3682,0.97698,0.69284,0.85251,0.5678,0.96871,0.98129,0.66668,0.7747,0.99313,0.95965,0.39382,0.94282,0.67586,0.091911,0.87959,0.92652,0.92642,0.99311,0.99452,0.9783,0.9918,0.98793,0.90632,0.98324,0.62602,0.99464,0.16447,0.99357,0.98621,0.98952,0.36531,0.98578,0.87862,0.65675,0.93079,0.021554,0.88638,0.33046,0.98425,0.78106,0.84704,0.46329,0.0018511,0.92772,0.87034,0.37788,0.78942,0.32593,0.92886,0.39551,0.88796,0.87738,0.98161,0.57759,0.1801,0.91524,0.94027,0.99338,0.85771,0.82145,0.98757,0.46254,0.99189,0.57257,0.96894,0.99232,0.68266,0.92019,0.8591,0.83543,0.95245,0.96034,0.97063,0.60484,0.95854,0.93995,0.0013577,0.86958,0.92649,0.93494,0.84821,0.034505,0.50174,0.66989,0.28497,0.39021,0.73847,0.9401,0.96119,0.12063,0.9442,0.99312,0.20657,0.98758,0.96211,0.97664,0.3198,0.0061702,0.73279,0.99259,0.9582,0.99477,0.65306,0.9721,0.12189,0.65116,0.7187,0.70045,0.84661,0.75896,0.78625,0.80363,0.77935,0.6241,0.92034,0.13418,0.92718,0.94596,0.9872,0.87496,0.94746,0.93554,0.98456,0.9905,0.9211,0.98369,0.69433,0.96781,0.96493,0.97586,0.54861,0.97232,0.86199,0.92256,0.98713,0.99047,0.91,0.95439,0.70219,0.86216,0.92403,0.79315,0.74481,0.91201,0.92282,0.76833,0.94966,0.9092,0.20078,0.98999,0.74214,0.8814,0.92056,0.9046,0.31781,0.31786,0.40154,0.84164,0.82899,0.82705,0.68241,0.89782,0.65267,0.0070725,0.66161,0.73709,0.78989,0.89588,0.95376,-0.05926,0.87752,0.89091,0.99224,0.9184,0.38261,0.8987,0.98921,0.9813,0.88786,0.99381,0.95917,0.98817,0.95036,0.75662,0.78563,0.89206,0.95442,0.013435,0.95973,0.91689,0.31735,0.96029,0.96425,0.89317,0.066442,0.92266,0.91125,0.75708,0.35645,0.0035344,0.96613,0.97018,0.97287,0.56062,0.98647,0.98127,0.90184,0.98762,0.99435,0.932,0.18762,0.99449,0.99299,0.97546,0.85839,0.98138,0.95639,0.84276,0.99229,0.86685,0.68294,0.94753,0.99338,0.99352,0.99375,0.76553,0.93206,0.72204,0.99134,0.84122,0.97137,0.88599,0.92687,0.92788,0.81368,0.98346,0.54852,0.67555,0.0025268,0.98895,0.97112,0.96664,0.96098,0.67689,0.82633,0.99375,0.95622,0.90885,0.99365,0.98602,0.80353,0.95357,0.55186,0.97768,0.9853,0.43791,0.99238,0.66037,0.96172,0.51897,0.1704,0.99232,0.97014,0.99252,0.99321,0.9815,0.98109,0.98955,0.95603,0.98292,0.84893,0.98868,0.82357,0.93197,0.98586,0.92813,0.96243,0.92787,0.99344,0.014852,0.9541,0.73505,0.90899,0.9881,0.95101,0.96395,0.97232,0.63468,0.98874,0.55637,0.65317,0.9938,0.98932,0.99171,0.90273,0.99002,0.84387,0.98275,0.9865,0.14357,0.76098,0.97766,0.9922,0.70051,0.96862,0.7953,0.96375,0.95347,0.98161,0.0064715,0.97008,0.95099,0.85359,0.95018,0.99411,0.9861,0.52577,0.9576,0.98717,0.98231,0.96338,0.9906,0.97308,0.99279,0.97879,0.26729,0.98401,0.17023,0.98109,0.81963,0.77533,0.98394,0.0037213,0.95646,0.98584,0.79822,0.93562,0.10138,0.94112,0.71137,0.92475,0.57764,0.78586,0.9228,0.78132,0.97146,0.40364,0.85127,0.54882,0.80407,6.6654e-05,0.97058,0.88649,0.66777,0.94129,0.85492,0.98267,0.49004,0.9249,0.66124,0.92277,0.91464,-0.00063481,0.98361,0.60031,0.72566,0.76125,0.94369,0.96772,0.9797,0.80477,0.92865,0.97704,0.29488,0.99222,0.91117,0.98326,0.84475,0.98094,0.9845,0.99194,0.74175,0.72719,0.9228,0.98814,0.89599,0.45968,0.95883,0.93243,0.88324,0.97116,0.97421,0.89809,0.96185,0.836,0.96753,0.69152,0.94672,0.9866,0.72993,0.99029,0.97909,0.33793,0.97505,0.96911,0.98093,0.99384,0.20317,0.95953,0.94646,0.39179,0.81225,0.9448,0.54488,0.9892,0.99479,0.65314,0.97922,0.43231,0.99403,0.94567,0.98931,0.024476,0.80049,0.10651,0.98627,0.71566,0.98302,0.98799,0.76619,0.98306,0.94911,0.19257,0.98667,0.59781,0.90663,0.81568,0.99481,0.98492,0.98872,0.98412,0.94249,0.97434,0.97665,0.074544,0.60012,0.95996,0.934,0.91478,0.88704,0.56655,0.93794,0.98929,0.40716,0.96876,0.047216,0.9834,0.94586,0.96311,0.90604,0.97145,0.59406,0.99419,0.97425,0.99132,0.9938,0.96345,0.88352,0.96204,0.86347,0.9196,0.93334,0.97757,0.99168,0.83835,0.97782,0.98724,0.95401,0.98298,0.27058,0.84784,0.90224,0.77259,0.91342,0.97208,0.88286,0.54655,0.84995,0.70803,0.94714,0.8893,0.9629,0.43552,0.99227,0.98605,0.99028,0.89203,0.91483,0.84829,0.60476,0.56973,0.74533,0.98238,0.44218,0.57597,0.80897,0.9754,0.20082,0.90204,0.93412,0.98809,0.58852,0.99251,0.94994,0.9075,0.11219,0.958,0.79404,0.7716,0.90366,0.97451,0.87763,0.99084,0.99319,0.9612,0.98756,0.62698,0.99125,0.98158,0.99231,0.74073,0.90415,0.98623,0.9628,0.94742,0.99324,0.88819,0.98727,0.99141,0.76799,0.61197,0.13476,0.98742,0.9945,0.71064,0.92139,0.81485,0.42708,0.97362,0.972,0.73285,0.00013788,0.93259,0.92886,0.69959,0.8694,0.68668,0.9699,0.68521,0.88622,0.98511,0.70576,0.89157,0.74847,0.25026,0.60722,0.81269,0.80744,-0.0016496,0.46471,0.0016184,0.92045,0.28367,0.97551,6.1344e-05,0.16857,0.3843,0.81781,0.78671,0.59431,0.79863,0.31425,-0.1201,0.88276,0.88114,0.41161,0.94932,0.90209,0.7043,0.91883,0.99216,0.49003,0.34556,0.979,0.64004,0.91581,0.81058,0.98424,0.89101,0.97477,0.52722,0.99228,0.99132,0.91687,0.013575,0.86741,0.96324,0.98868,0.93231,0.97986,0.90062,0.99338,0.98763,0.99233,0.65796,0.96563,0.12035,0.9666,0.88306,0.99152,0.99262,0.90527,0.94821,0.5868,0.99393,0.64076,0.98798,0.70089,0.91716,0.99119,0.96931,0.9836,0.79202,0.9121,0.9404,0.043162,0.94396,0.94726,0.99126,0.9865,0.42617,0.69423,0.93346,0.78967,0.97987,0.99207,0.99342,0.99328,0.98808,0.84413,0.83257,0.98302,0.56061,0.99123,0.71358,0.87187,0.96974,0.9695,0.50679,0.61485,0.6306,0.98171,0.99131,0.32583,0.9626,0.98617,0.99135,0.98678,0.97098,0.26097,0.96776,0.61778,0.27353,0.96988,0.92693,0.74147,0.36877,0.91979,0.93179,0.48863,0.97704,0.97723,0.91088,0.99161,0.9418,0.68411,0.22137,0.99119,-4.6875e-05,0.91165,0.98816,0.98792,0.78044,0.83188,0.42896,0.13078,0.32512,0.37806,0.85276,0.86473,0.89828,0.98987,0.43582,0.99043,0.98902,0.96687,0.90578,0.92823,0.14166,0.94549,0.80117,0.99039,0.1435,0.96472,0.96464,0.99469,0.40804,0.97206,0.28735,0.93699,0.2064,0.51147,0.54098,0.6456,-0.019747,0.6666,0.31272,0.98114,0.93745,0.99135,0.9239,0.99167,0.788,0.98811,0.79715,0.98727,0.99284,0.72948,-0.0082767,0.82723,0.88045,0.96414,0.96532,0.36614,0.67125,0.51522,0.95018,0.90233,0.83696,0.83466,0.98614,0.78491,0.48268,0.92372,0.2508,0.46278,0.070146,0.021275,0.041901,0.65523,0.9845,0.98685,0.94982,0.07688,0.58832,0.97545,0.0036796,0.71,0.1686,-0.048679,0.53062,0.93763,0.04914,0.4365,0.9533,0.34536,0.97793,0.97337,0.84867,0.99118,0.97919,0.92064,0.97348,0.41253,0.87916,0.90861,0.05971,0.96502,0.83909,0.5603,0.98124,0.96807,0.76382,0.99331,0.96792,0.4476,0.98848,0.8622,0.97962,0.11144,0.77142,0.82597,0.22482,0.99456,0.97741,0.96237,0.80524,0.82006,0.40347,0.9531,0.6264,0.98486,0.92743,0.0073452,0.98676,0.67726,0.91398,0.8675,0.9455,0.84063,0.96651,0.98071,0.9867,0.82933,0.86033,0.89223,0.93504,0.9614,0.98682,0.68571,0.95724,0.83326,0.93266,0.39465,0.99407,0.77052,0.89597,0.7037,0.72319,0.4555,0.99417,0.86739,0.9904,0.99119,0.99207,0.53624,0.006288,0.99275,0.9743,0.89464,0.99364,0.98556,0.98919,0.94233,0.96749,0.95823,0.93155,0.98959,0.74219,0.96084,0.64588,0.032413,0.9853,0.42452,0.10388,0.9939,0.9937,0.98011,0.99303,0.26052,0.91062,0.90295,0.93846,0.96633,0.85291,0.94938,0.87145,0.1353,0.32753,0.91539,0.84382,0.90516,0.90282,0.88511,0.83117,0.34579,0.90304,-0.0066868,0.9201,0.96457,0.98026,0.91637,0.26731,0.95483,0.96362,0.99292,0.82821,0.97826,0.99311,0.70763,0.70387,0.95768,0.82835,-0.0073016,0.97165,0.98103,0.98565,0.71753,0.9927,0.85452,0.94948,0.19403,0.6192,0.98691,0.97107,0.84093,0.91519,0.28019,0.15026,0.64466,0.12331,0.57712,0.94371,0.33853,0.10077,0.95128,0.95893,0.95487,0.9936,0.68701,0.99003,0.99455,0.48709,0.9937,0.91174,0.98156,0.99246,0.8244,0.81232,0.68247,0.98143,0.88966,0.87339,0.92924,0.96045,0.68832,0.74839,0.98954,0.93954,0.92074,0.98309,0.9943,0.71167,0.45728,0.98797,0.93212,0.98296,0.86978,0.96547,0.98463,0.92194,0.90751,0.98973,0.98712,0.85769,0.95771,0.99135,0.99228,0.93105,0.60071,0.76631,0.99228,0.76851,0.99277,0.9602,0.99233,0.99424,0.97989,0.92848,0.91963,0.86434,0.9341,0.83019,0.96926,0.49399,0.9864,0.91241,0.5522,0.98674,0.11379,0.22322,0.46683,0.81454,0.37921,0.9808,0.72215,0.95498,0.85529,0.44544,0.99173,0.99141,0.98736,0.85512,0.78261,0.77432,0.94881,0.20712,0.92932,0.83799,0.86494,0.98513,0.95843,0.97638,0.89971,0.87937,0.99483,0.99087,0.98876,0.99415,0.96154,0.8752,0.994,0.60558,0.99388,0.99308,0.92926,0.99023,0.59808,0.60868,0.90288,0.97584,0.92404,0.94292,0.84133,0.93853,0.80281,0.9635,0.7835,0.80825,0.55515,0.85679,0.94281,0.75847,0.97694,0.89681,0.82315,0.52027,0.94533,0.43206,0.6737,0.58389,0.49863,0.38034,0.0057316,0.96301,0.88345,0.99373,0.95683,0.40308,0.34834,0.88273,0.26525,0.92529,0.96894,0.84228,0.93976,0.11339,0.9565,0.47356,0.98833,0.97221,0.92038,0.98147,0.66716,0.01896,0.84423,-0.012271,0.62347,0.9773,0.71682,0.62192,0.3111,0.98074,0.92742,0.71829,0.26947,-7.4245e-05,0.65027,0.88198,0.60984,0.93052,0.78671,-8.7938e-05,0.91837,0.66029,0.82162,0.98484,0.96034,0.99055,0.68351,0.8367,0.97486,0.76327,0.94156,0.94322,0.66939,0.98121,0.95418,0.86558,0.66572,0.98067,0.91704,0.22818,0.98484,0.98845,0.98002,0.96087,0.98296,0.77341,0.86921,0.97831,0.98578,0.66936,0.94841,0.99113,0.090193,0.041512,0.98656,0.94974,0.97328,0.96635,0.99303,0.95887,0.98467,0.96463,0.93914,0.97465,0.9865,0.94978,0.97137,0.99249,0.98484,0.99122,0.049835,0.95813,0.97127,0.66757,0.98782,0.98872,0.93444,0.84111,0.81491,0.90009,0.95018,0.88101,0.38375,0.21456,0.75605,0.82814,-0.052787,0.95008,0.98395,-0.076877,0.019112,0.94021,0.97861,0.92671,0.48689,0.89349,0.34016,0.86415,0.16203,0.8614,0.85677,0.95976,0.94382,0.6809,0.98448,0.97963,0.60421,0.96927,0.99255,0.99166,0.99027,0.26817,0.82105,0.96948,0.10525,0.98791,0.99333,0.33652,0.99288,0.93847,0.89764,0.041569,0.95197,0.98298,0.83012,0.7605,0.9494,0.98798,0.99375,0.99108,0.19003,0.29561,0.05242,0.75765,0.60172,0.52234,0.97962,0.86278,0.004367,0.10925,0.9936,0.97861,0.99165,0.99233,0.87733,0.92827,0.99078,0.99382,0.99472,0.94122,0.99317,0.98559,0.85814,0.65341,0.94753,0.96091,0.53024,0.61947,0.031233,0.85278,0.8652,0.99037,0.0076184,0.90576,0.98324,0.99325,0.95292,0.99449,0.9895,0.98649,0.99447,0.98006,0.99388,0.99086,0.49589,0.38772,0.79331,0.49568,0.98621,0.88421,0.93935,0.90693,0.99352,0.98741,0.94479,0.98121,0.9925,0.69666,0.91954,0.90282,0.79821,0.33547,0.75436,0.88689,0.98783,0.92594,0.80175,0.99323,0.97659,0.97694,0.27719,0.92969,0.77341,0.98754,0.6616,0.88616,0.99458,0.97366,0.57142,0.9535,0.75204,0.94634,0.96298,0.99423,0.99375,0.92042,0.99422,0.56956,0.76909,0.99358,0.68983,0.98918,0.99311,0.98783,0.98816,0.95113,0.83553,0.61711,0.95771,0.98247,0.73236,0.64072,0.54148,0.77065,0.93569,0.59769,0.9683,0.76976,0.88213,0.97675,0.52003,0.62376,0.30938,0.18057,0.47206,0.69069,0.96751,0.93258,0.79434,0.89711,0.82964,0.93823,0.93768,0.20036,0.76948,0.98424,0.9858,0.98373,0.84327,0.23044,0.28712,0.96217,0.97549,0.76039,0.91073,0.3574,0.98612,0.98685,0.99125,0.95666,0.90649,0.9935,0.96103,0.96358,0.88702,0.97437,0.95398,0.99306,0.55626,0.94699,0.32967,0.0053811,0.92356,0.98156,0.53946,0.37128,0.96235,0.28637,0.67642,0.9647,0.9746,0.8074,0.048347,0.87803,0.8579,0.92621,0.76492,0.87241,0.9837,0.97079,0.86957,0.96411,0.97447,0.87882,0.98402,0.96766,0.98785,0.9592,0.98003,0.951,0.96149,0.99269,0.4505,0.98783,0.94304,0.92657,0.9908,0.99071,0.96845,0.86615,0.14097,0.98348,0.80304,0.98687,0.17915,0.60771,0.99319,0.9909,0.97741,0.97748,0.97283,0.31766,0.74976,0.98252,0.59812,0.99061,0.98431,0.99473,0.98973,0.79161,0.97304,0.86747,0.96435,0.99417,0.95564,0.98435,0.059142,0.99343,0.97676,0.50684,0.98112,0.86687,0.96019,0.98453,0.0015188,0.98646,0.98805,0.29918,0.51203,0.95391,0.41909,-0.0030121,0.77785,0.81972,0.77831,0.65898,0.96796,0.93529,0.3963,0.3824,0.85133,0.98775,0.95666,0.88397,0.86176,0.697,0.87764,0.031983,0.89667,0.99206,0.97979,0.9213,0.96144,0.066608,0.93949,0.9899,0.99111,0.97343,0.69426,0.97908,0.97814,0.95591,0.97435,0.50369,0.9724,0.86956,0.52915,0.99118,0.93272,0.83252,0.20673,0.98558,0.26107,0.44027,0.95472,0.84878,0.94206,0.95593,0.73375,0.95674,0.97169,0.92137,-0.0053481,0.98597,0.95702,0.95656,0.43507,0.95241,0.65324,0.92877,0.37082,0.80375,0.17361,0.55104,0.32556,0.23067,0.92539,0.35509,0.8266,0.4114,0.95482,0.16126,0.99221,0.94257,0.98658,0.55838,0.99314,0.98317,0.93187,0.99134,0.99341,0.77514,0.9627,0.018665,0.99409,0.98474,0.98438,0.92923,0.90561,0.98597,0.97481,0.99204,0.83375,0.99483,0.92957,0.99419,0.95962,0.76096,0.93818,0.33285,0.95026,0.99115,0.99307,0.9325,0.86512,0.94714,0.99162,0.99076,0.99067,0.21826,0.87223,0.97891,0.9523,0.99266,0.91317,0.9944,0.86455,0.99317,0.97937,0.0027183,0.93761,0.71997,0.99376,0.042551,0.91207,0.97867,0.65427,0.99013,0.95941,0.99377,0.93747,0.99452,0.82479,0.82334,0.99336,0.91213,0.98548,0.35735,0.99262,0.9875,0.89847,0.95782,0.53194,0.93896,-0.00032054,0.99197,0.93077,0.9943,0.77055,0.99461,0.87257,0.99389,0.9946,0.9907,0.96985,0.96909,0.41121,0.377,0.95408,0.9853,0.9872,0.99152,0.95814,0.91189,0.97586,0.88997,0.99226,0.97148,0.98792,0.8762,0.98321,0.99377,0.96838,0.99216,0.98951,0.98847,0.99256,0.98832,0.95862,0.021377,0.64143,0.98427,0.98474,0.93134,0.98867,0.98583,0.99222,0.99106,0.94109,0.97818,0.9931,0.88201,0.98351,0.98367,0.97413,0.99232,0.96167,0.13073,0.99463,0.99283,0.89846,0.79022,0.97622,0.99192,0.98471,0.99458,0.99284,0.56695,0.87101,0.99429,0.41145,0.98774,0.97196,0.98738,0.80593,0.87862,0.99359,0.98568,0.9762,0.65796,0.99465,0.87127,0.60447,0.97864,0.30476,0.59404,0.98424,0.98586,0.93312,0.94964,0.9856,0.99014,0.99454,0.98618,0.98632,0.78437,0.9696,0.99354,0.98826,0.99455,0.96602,0.89679,0.99402,0.94958,0.95768,0.99237,0.99414,0.89734,0.95601,0.994,0.92512,0.99156,0.63752,0.97971,0.83903,0.99286,0.99021,0.9688,0.54768,0.99219,0.97949,0.8963,0.99305,0.95839,0.9338,0.99328,0.99111,0.50228,0.97949,0.95101,0.92995,0.68579,0.84606,0.17451,0.97394,0.28229,0.97599,0.84654,0.82562,0.68068,0.91754,0.96963,0.97052,0.37411,0.48728,0.96787,0.54831,0.67741,0.48557,0.64763,0.99287,0.98737,0.91536,0.39648,0.87352,0.37407,0.39139,0.95448,0.807,0.65128,0.84297,0.78443,0.89366,0.95585,0.61045,0.19622,0.89173,0.87703,0.86898,0.89028,0.52093,0.81437,0.9642,0.76189,0.92911,0.96155,0.99077,0.16997,0.0054472,0.093858,0.14538,0.97142,0.021593,0.54563,0.57573,0.50205,0.925,0.94482,0.88844,0.92424,0.81171,0.9753,0.94796,0.93597,0.95876,0.98932,0.93951,0.99027,0.85732,0.99405,0.9838,0.8471,0.97832,0.9378,0.56909,0.92452,0.22107,0.91969,0.9687,0.94813,0.66485,0.24681,0.91521,0.0013688,-0.075084,0.22014,0.20398,0.98,0.86479,0.17909,0.017633,0.34018,0.98279,0.94137,0.054968,0.87407,0.97052,0.92364,0.79174,0.88267,6.5831e-05,0.98391,0.98973,0.85734,0.41319,0.60584,0.085104,0.91769,0.81474,0.8994,0.84048,0.96357,0.37345,0.96558,0.45204,0.30539,0.99098,0.97561,0.97745,0.41662,0.75925,0.93852,0.96174,0.92096,0.76616,0.0001175,0.39804,0.87461,0.34773,0.21905,0.63659,0.95477,0.78895,0.61489,0.72337,0.65843,0.53839,0.003621,0.90063,0.71531,0.85239,0.33586,0.92945,0.94301,0.057046,0.43413,0.91787,0.8178,0.95483,-0.00064088,0.78985,0.96037,0.95103,0.8788,0.10443,0.78467,0.43325,0.93918,0.77476,0.12054,0.52122,0.85766,0.66938,0.6837,0.53637,0.28776,0.034632,0.99464,0.99476,0.55911,0.97717,0.71092,0.57213,0.9633,0.91135,0.79718,0.9359,0.8279,0.75128,0.9702,0.92777,0.84448,0.5552,0.92375,0.80463,0.85066,-6.2078e-05,0.9383,0.23701,0.85191,0.48562,0.80412,0.32549,0.77703,0.71451,0.15635,0.96597,0.86794,0.969,0.9602,0.89469,0.19623,0.026159,0.67317,0.76973,0.44603,0.8895,0.89921,0.80328,0.97141,0.93086,0.97696,0.98906,0.99214,0.96571,0.73011,0.96137,0.88527,0.9844,-0.00037207,0.90147,0.99353,0.98238,0.95181,0.97634,0.80127,0.54602,0.96254,0.22943,0.83448,0.96869,0.87807,0.59307,0.92173,0.69047,0.33096,0.0051269,0.82177,0.020422,0.84569,0.93889,0.83051,0.17146,0.81889,0.77047,0.91388,0.91038,0.96597,0.29133,0.94089,0.9948,0.95886,0.27854,0.024094,0.65108,0.0061448,0.84424,0.89023,0.20069,0.96455,0.94654,0.91686,0.016117,0.42786,0.75171,0.96266,0.968,0.56156,0.39576,0.92413,0.95505,0.95874,0.90406,0.94971,0.014458,0.91987,0.89557,0.66151,0.98413,0.81528,0.98677,0.4745,0.0047929,0.69223,0.44292,0.61259,0.13175,0.002028,0.96036,0.80138,0.91996,0.84996,0.85486,0.76319,0.95948,0.20394,0.94565,0.94084,0.81823,3.9888e-06,0.48086,0.58044,0.47259,0.99425,0.96822,0.080204,0.05527,0.84438,0.80068,0.99043,0.35734,0.91572,0.78849,0.85084,0.73985,0.99403,0.94863,0.92369,0.61681,0.89374,0.26258,0.99444,0.90075,0.96398,0.93485,0.89172,0.98803,0.92137,0.19365,0.90734,0.61756,0.98919,0.74831,0.94181,0.9586,0.56431,0.89776,0.94371,0.95872,0.78341,0.98657,3.1947e-06,0.88007,0.99294,0.99225,0.17021,0.92098,0.99294,0.81213,0.98378,0.99155,0.97728,0.84217,0.99365,0.048464,0.94628,0.97336,0.97407,0.67062,0.9911,0.99153,0.97128,0.98974,0.99267,0.99429,0.50121,0.95858,0.82919,0.35988,1.6734e-05,0.98036,0.95874,0.98942,0.99217,0.98195,0.73794,0.91107,0.99066,0.97663,0.99328,0.52373,0.93742,0.87526,0.98043,0.91814,0.9718,0.18213,0.98172,0.97221,0.993,0.9926,0.99338,0.99192,0.91323,0.99291,0.99294,0.83304,0.976,0.98628,0.98986,0.99314,0.73072,0.22267,0.98499,0.91289,0.88983,0.98195,0.88586,0.064412,0.98375,0.99473,0.68333,0.98105,0.96947,0.75204,0.93168,0.94699,0.93224,0.9803,0.50588,0.80334,0.95829,0.80583,0.40743,0.50514,0.9298,0.96656,0.052442,0.20475,0.90943,0.8313,0.91115,0.98459,0.95831,0.99164,0.83106,0.84876,0.99323,0.9693,0.98964,0.99217,0.85453,0.99186,0.71823,-0.0092111,0.98236,0.98111,0.94769,0.87484,0.82231,0.98533,0.075403,0.93517,0.95976,0.7826,0.1883,0.72802,0.16635,0.022336,0.94948,0.95563,0.47715,0.0055665,0.74177,0.91026,0.91617,0.86515,0.21101,0.77889,0.95636,0.92277,0.066989,0.8729,0.52346,0.94942,0.63013,0.96866,0.93268,0.12589,0.96053,0.93958,0.8924,0.67854,0.0001084,0.92255,0.98712,0.99386,0.98161,0.98961,0.90816,0.99344,0.97595,0.98632,0.94119,0.56896,0.99421,0.98631,0.99134,0.92619,0.98149,0.90544,0.95454,0.97739,0.56154,1.2208e-05,0.23387,0.032798,0.34436,0.98874,0.99449,0.1536,0.98331,0.97977,0.36416,0.98052,0.99383,0.66905,0.98503,0.99317,0.92355,0.66199,0.99288,0.9915,0.99314,0.98337,0.96734,0.98733,0.99486,0.60955,0.89723,0.9408,0.9746,0.90715,0.8868,0.97259,0.9795,0.99184,0.97958,0.94092,0.98561,0.92648,0.99458,0.96938,0.97144,0.87917,0.90948,0.99192,0.99387,0.97852,0.98878,0.98353,0.99273,0.2106,0.97473,0.98743,0.23282,0.97996,2.3674e-07,0.98282,0.95446,0.93088,0.97879,0.992,0.97817,0.90591,0.99182,0.95576,0.99012,0.9943,0.99172,0.99187,0.99412,0.9707,0.94995,0.97573,0.711,0.99207,0.66509,0.98553,0.94426,0.98622,0.97901,0.93621,0.98168,0.1481,0.69847,0.92441,0.89261,0.65528,0.95185,0.86847,0.91096,0.88664,0.77142,0.51058,0.89146,0.69466,0.56379,0.61117,0.94284,0.02224,0.0014506,0.60468,0.13326,0.76585,0.98322,0.10306,0.75981,0.98662,0.99069,0.9919,0.89491,0.99268,0.98593,0.96095,0.53363,0.95879,0.99011,0.99335,0.96466,0.1878,0.013733,0.9925,0.99472,0.99359,0.99245,0.97323,0.99296,0.96623,0.99466,0.94484,0.986,0.9928,0.99394,0.90541,0.93111,0.98818,0.97456,0.96424,0.99253,0.93195,0.92443,0.98317,0.99073,0.9919,0.94219,0.9933,0.99129,0.99443,0.96339,0.94016,0.96661,0.60542,0.96575,0.99061,0.84689,0.98217,0.83065,0.9824,0.93786,0.014285,0.99234,0.98734,0.48299,0.95642,0.99167,0.99325,0.95094,0.99103,0.74667,0.33323,0.96973,0.8886,0.98663,0.99174,0.99335,0.99214,0.98818,0.98514,0.97949,0.98719,0.13214,0.99049,0.88619,0.91371,0.9848,0.75846,0.98997,0.9939,0.99067,0.90471,0.99091,0.99189,0.80226,0.00057407,0.30982,0.064764,0.98167,0.93614,0.87604,0.97242,0.94483,0.96077,0.93363,0.97517,0.9668,0.95832,0.40791,0.028732,0.97716,0.91653,0.97926,0.99335,0.97894,0.99275,0.98396,0.88438,0.81276,0.96391,0.99001,0.97626,0.98282,0.98942,0.99073,0.92902,0.9502,0.47068,0.95332,0.99093,0.99334,0.99412,0.9916,0.98639,0.99295,0.96822,0.99187,0.99421,0.97673,0.95428,0.68933,0.8739,0.89534,0.99107,0.9586,0.98708,0.98182,0.98518,0.96269,0.95411,0.86581,0.9384,0.70289,0.98839,0.58123,0.00019984,0.99352,0.98912,0.32928,0.95124,0.70665,0.99079,0.98098,0.59398,0.97727,0.84015,0.96576,0.19511,0.97321,0.90749,0.96016,0.72063,0.9096,0.42,0.94125,0.97918,0.98173,0.986,0.96431,0.72093,0.59782,0.9687,0.96577,0.68476,0.9925,0.71668,0.24425,0.97605,0.2165,0.80716,0.994,0.79365,0.97905,0.88308,0.82837,0.98305,0.91844,0.90674,0.86908,0.94096,0.69043,0.96743,0.38876,0.90082,0.99336,0.87258,0.98127,0.75552,0.99303,0.98049,0.99375,0.9819,0.99215,0.84628,0.765,0.93981,0.97764,0.9137,0.99372,0.99347,0.73554,0.62453,0.60609,0.29382,0.97452,0.20934,0.81787,0.56998,0.58329,0.98246,0.98254,0.4453,0.7278,0.74199,0.98279,0.91015,0.82461,0.98211,0.99317,0.98913,0.78818,0.9937,0.97699,0.97345,0.43765,0.95725,0.70342,0.86806,0.99121,0.79057,0.99132,0.97425,0.84221,0.0041104,0.002576,0.33109,0.9097,0.42258,0.82657,0.15743,0.94189,0.91133,0.82784,0.40865,0.98675,0.98887,0.94829,0.48974,0.87673,0.20222,0.62304,0.96636,0.9901,0.97852,0.59493,0.44662,0.94759,0.90007,0.021639,0.92518,0.95627,0.00097803,0.086926,0.97303,0.98443,0.79849,0.70185,0.96396,0.98056,0.94798,0.32832,0.2022,0.519,0.49453,0.65726,0.98456,0.99079,0.89245,0.39884,0.67591,0.045133,0.54952,0.63815,0.081143,0.78668,0.80898,0.91514,0.83619,0.87973,0.89026,0.030472,0.87532,0.6993,0.57968,0.29484,0.99462,0.99044,0.98797,0.99204,0.9216,0.99397,0.89307,0.99413,0.95223,0.9921,0.99401,0.97899,0.98599,0.94481,0.24419,0.82623,0.91192,0.85972,0.99303,0.9946,0.98975,0.87585,0.95584,0.98928,0.98484,0.95791,0.99406,0.9949,0.99396,0.96609,0.65787,0.99299,0.95875,0.93171,0.98158,0.96146,0.82601,0.9905,0.9846,0.85302,0.99484,0.96681,0.99495,0.99427,0.97067,0.99485,0.98263,0.97507,0.99402,0.99427,0.97754,0.99474,0.9911,0.77949,0.99031,0.99017,0.99179,0.97887,0.99242,0.20989,0.92486,0.92902,0.99469,0.97875,0.97023,0.97826,0.99438,0.88615,0.7741,0.97555,0.98986,0.99211,0.99252,0.97747,0.99285,0.97371,0.98413,0.99446,0.99255,0.9121,0.94343,0.9929,0.88839,0.99178,0.25881,0.99161,0.99324,0.99428,0.98875,0.9913,0.98407,0.9877,0.82803,0.99141,0.99423,0.98476,0.9525,0.9936,0.93396,0.99447,0.9864,0.99264,0.99485,0.98645,0.99093,0.99048,0.94988,0.99466,0.98154,0.99452,0.99096,0.98816,0.99385,0.97868,0.98362,0.98878,0.65099,0.92811,0.95819,0.98944,0.86996,0.54872,0.89191,0.98615,0.99351,0.98252,0.83859,0.9772,0.99431,0.99444,0.74827,0.98872,0.99335,0.9772,0.98309,0.567,0.93583,0.96836,0.98843,0.99352,0.95282,0.99427,0.93513,0.98946,0.99356,0.99449,0.99372,0.54883,0.97478,0.89834,0.96834,0.98485,0.9931,0.78508,0.9563,0.82207,0.96449,0.99069,0.90982,0.91848,0.98304,0.98814,0.99211,0.79375,0.59595,0.91499,0.89281,0.93877,0.90121,0.99302,0.9941,0.703,0.99454,0.75974,0.98751,0.98653,0.99339,0.99171,0.011568,0.97887,0.78507,0.99319,0.99397,0.94981,0.99101,0.99428,0.99423,0.99332,0.97491,0.094733,0.99413,0.9849,0.9866,0.99109,0.9922,0.99053,0.99473,0.97586,0.99478,0.98518,0.98695,0.98935,0.99433,0.98798,0.99289,0.99323,0.99224,0.99198,0.99457,0.91147,0.94382,0.98539,0.99014,0.98851,0.99101,0.99161,0.9326,0.99002,0.99242,0.9948,0.98784,0.97162,0.95957,0.99405,0.99254,0.99436,0.96577,0.99468,0.98803,0.98713,0.99007,0.60558,0.99441,0.45448,0.91751,0.9944,0.9944,0.99167,0.26967,0.99421,0.99037,0.99019,0.99338,0.95448,0.21355,0.98297,0.98746,0.97637,0.99394,0.99218,0.92682,0.98012,0.8061,0.99442,0.9826,0.65947,0.85412,0.99469,0.98579,0.99433,0.94326,0.98543,0.97344,0.94417,0.99136,0.96942,0.99408,0.99288,0.99432,0.93814,0.3933,0.99183,0.98988,0.89463,0.99448,0.89644,0.99211,0.99285,0.99459,0.96137,0.98396,0.99353,0.61796,0.99197,0.96434,0.93251,0.81749,0.97049,0.83429,0.99485,0.99348,0.99302,0.9829,0.92182,0.98368,0.91935,0.99472,0.98749,0.9945,0.019441,0.77876,0.94337,0.94273,0.99354,0.99472,0.95521,0.9942,0.28172,0.94146,0.99364,0.90894,0.991,0.90119,0.99294,0.98506,0.98892,0.98731,0.42232,0.93266,0.99473,0.95392,0.98699,0.99465,0.99468,0.99306,0.98318,0.99314,0.99065,0.78015,0.22425,0.82806,0.99429,0.98979,0.98334,0.87438,0.99342,0.94077,0.20756,0.98433,0.99458,0.98372,0.99229,0.95802,0.95291,0.99029,0.99306,0.97849,0.98981,0.87095,0.99259,0.9902,0.99023,0.69594,0.9923,0.95668,0.99402,0.99461,0.96621,0.98614,0.9421,0.99235,0.99468,0.99247,0.98314,0.98926,0.98187,0.80392,0.99244,0.95327,-0.0038543,0.79712,0.99478,0.98544,0.81106,0.24805,0.98641,0.98257,0.98516,0.98388,0.99351,0.99459,0.95707,0.99317,0.99256,0.98592,0.94533,0.99472,0.99104,0.38047,0.94524,0.99204,0.99277,0.95963,0.16869,0.99492,-3.1697e-06,0.98948,0.85973,0.91623,0.99473,0.90361,0.92674,0.57442,0.62754,0.018547,0.63911,0.96822,0.93182,0.92179,0.93722,0.81781,0.94537,0.98068,0.97124,0.99379,0.97792,0.99119,0.99235,0.0097648,0.97507,0.94798,-0.00071409,0.99201,0.92462,0.98122,0.99397,0.99399,0.91325,0.71003,0.76171,0.71187,0.98661,0.97576,0.99278,0.99368,0.7959,0.98886,0.99109,0.99287,0.98025,0.9549,0.92212,0.99379,0.95518,0.99239,0.70532,0.99172,0.82459,0.9785,0.99399,0.99439,0.98161,0.99427,0.98892,0.96917,0.98955,0.95414,0.99231,0.72563,0.64723,0.99405,0.99294,0.64426,0.92428,0.99212,0.97222,0.92788,0.67436,0.99214,0.95463,0.99423,0.9886,0.98234,0.99382,0.84942,0.98828,0.91458,0.9917,0.93331,0.99482,0.99396,0.99449,0.92699,0.20643,0.99308,0.97883,0.96663,0.92497,0.98296,0.9929,0.99263,0.97225,0.98893,0.22852,0.93377,0.99291,0.98933,0.98146,0.94618,0.96153,0.96284,0.79329,0.98525,0.41452,0.92123,0.89899,0.99368,0.90785,0.9536,0.98124,0.95437,0.65986,0.88696,0.99168,0.98781,0.99413,0.94171,0.98615,0.93518,0.88412,0.17809,0.95068,0.90113,0.97496,0.98087,-0.038471,0.16662,0.99363,0.60411,0.97802,0.95739,0.98244,0.99403,0.9887,0.94119,0.98973,0.47814,0.9817,0.97695,0.98938,0.2257,0.98795,0.9941,0.98892,0.99294,0.92882,0.88983,0.99416,0.98825,0.98913,0.99366,0.98814,0.99473,0.96629,0.98873,0.038245,0.83726,0.9825,0.9418,0.93653,0.89665,0.9176,0.23169,0.95371,0.96172,0.80471,0.82117,0.25641,0.97478,0.91852,0.99022,0.97968,0.89739,0.98434,0.97759,0.97283,0.71857,0.92092,0.84037,0.95524,0.85739,0.94219,0.75458,0.66379,0.98978,0.98617,0.88989,0.9879,0.94759,0.951,0.84379,0.94129,0.5951,0.98136,0.86484,-0.0049386,0.99217,0.98951,0.96403,0.98422,0.9734,0.93548,0.9734,0.54869,0.92505,0.75944,-0.029133,0.097041,0.88158,0.96441,0.992,0.91681,0.9933,0.7669,0.90825,0.87948,0.96498,0.98267,0.43216,0.48952,0.26251,0.95002,0.72729,0.98414,0.8687,0.00020682,0.68124,0.77391,0.40048,0.97379,0.97381,0.92703,0.52593,0.023947,0.97177,0.53093,0.72963,0.6513,0.92042,0.94379,0.98689,0.89841,0.94483,0.85814,0.89014,0.98714,0.95192,0.90648,0.73389,0.98051,0.94078,0.98869,0.071769,0.61092,0.97709,0.9191,0.75274,0.99351,-0.035814,0.98988,0.58437,0.86045,0.98789,0.84263,0.85522,0.92135,0.60256,0.98915,0.93277,0.82956,0.99224,0.96039,0.98423,0.012352,0.90463,0.76518,0.99431,0.92245,0.98013,0.96649,0.9937,0.99324,0.95989,0.98965,0.75608,0.52933,0.95373,0.1333,0.99351,0.99431,0.99456,0.97332,0.96068,0.9937,0.98768,0.99343,0.99415,0.98801,0.92337,0.99348,0.98962,0.99001,0.95676,0.96838,0.81312,0.95563,0.98563,0.92066,0.6566,0.08287,0.96971,0.99409,0.97603,0.9147,0.9373,0.95004,0.9886,0.96549,0.39746,0.24497,0.59232,0.65309,0.66866,0.73373,0.83037,0.66048,0.54474,0.66965,0.41409,0.30516,0.70127,0.057773,-0.014269,0.85643,0.25993,0.092976,0.52701,0.92265,0.7432,-0.0013042,0.99122,0.9874,0.98826,0.98949,0.99082,0.98256,0.97557,0.943,0.97249,0.98854,0.96147,0.64143,0.99329,0.78696,0.88621,0.57793,0.82372,0.83757,0.71421,0.75503,0.48382,0.88917,0.80236,0.86557,0.91489,0.90559,0.96406,0.98361,0.99061,0.99326,0.56134,0.90795,0.91631,0.41526,0.93094,0.91984,0.8359,0.51345,0.86987,0.68624,0.8489,0.90174,0.85717,0.66586,0.23975,0.0028504,0.8009,0.84283,0.80826,0.97101,0.3583,0.81566,0.96816,0.38683,0.54276,-0.00052205,0.14652,0.9675,0.52817,0.83839,0.4073,0.97135,0.92304,0.98934,0.1698,0.89301,0.44794,0.92146,0.96233,0.71442,0.97256,0.93908,0.85473,0.80912,0.19385,0.90986,0.8433,0.95362,0.039344,-0.0013902,0.55477,0.15678,0.01175,0.13637,0.82836,0.52251,0.9588,0.82963,0.30663,0.99283,0.44188,0.47078,0.74275,-0.00082108,0.66023,0.51723,0.96678,0.0065684,0.65899,0.84479,0.72749,0.37578,0.35364,0.47606,0.41962,0.66842,-0.11968,0.9894,0.95977,0.40631,0.9896,0.89599,0.9581,0.96179,0.99363,0.95524,0.068723,0.93248,0.97578,0.9197,0.58549,0.95666,0.93618,0.93715,0.67789,0.0028731,0.39229,0.849,0.88592,0.98185,0.9675,0.90503,0.92876,0.94705,0.91373,0.8244,0.54328,0.82304,0.85561,0.98408,0.97176,0.91377,0.78858,0.98599,0.36,0.92986,0.8491,0.73285,0.76955,0.76381,0.80815,0.98972,0.98357,0.33343,0.13269,0.85691,0.96422,0.96784,0.69291,0.54376,0.94454,0.94954,0.95475,0.84331,0.96474,0.94286,0.97794,0.97833,0.82023,0.87205,0.98216,0.9934,0.98226,0.60472,0.99216,0.98983,0.96793,0.72863,0.65272,0.98441,0.88743,0.85087,0.83172,0.97313,0.95804,0.96755,0.69583,0.61828,0.9627,0.75476,0.91463,0.052738,0.86279,0.81986,0.99155,0.99354,0.19934,0.89515,0.99346,0.99369,0.99462,0.99355,0.99364,0.99243,0.99483,0.99058,0.994,0.92761,0.9938,0.98677,0.96981,0.76737,0.98396,0.96392,0.99324,0.98418,0.99388,0.99402,0.98991,0.99225,0.99425,0.9937,0.69543,0.99097,0.9829,0.99435,0.98868,0.99486,0.99313,0.99468,0.99436,0.89845,0.99332,0.97503,0.97592,0.97408,0.81988,0.97885,0.95989,0.99284,0.9919,0.99381,0.92333,0.74506,0.95675,0.9914,0.99074,0.98129,0.94448,0.86159,0.96656,0.99306,0.96764,0.92245,0.91601,0.99239,0.96668,0.98722,0.99162,0.98844,0.97476,0.98782,0.9893,0.87936,0.93282,0.87318,0.92414,0.89167,0.61461,0.97936,0.93733,0.90788,0.91021,0.98612,0.98445,0.95165,0.95602,0.98688,0.95933,0.97836,0.98574,0.94056,0.95793,0.91442,0.9809,0.97487,0.96049,0.98696,0.48202,0.99404,0.95489,0.82942,0.024968,0.89394,0.0019938,0.98273,0.92443,0.86931,0.97265,0.85669,0.98463,0.99264,0.96423,0.16316,0.96489,0.97296,0.95664,0.88796,0.86331,0.97963,0.86175,0.98946,0.98003,0.9662,0.56097,0.99161,0.92417,0.0064412,0.54751,0.23796,0.9879,0.77316,0.022231,0.9767,0.98476,0.78314,0.79344,0.4681,0.98366,0.99316,0.84775,0.96707,0.87701,0.98783,0.9472,0.030235,0.84829,0.99481,0.92243,0.11971,0.95544,0.91652,0.9925,0.98962,0.99085,0.98501,0.98484,0.99443,0.78274,0.96974,0.99213,0.98227,0.73381,0.98321,0.99181,0.95455,0.98345,0.98434,0.98456,0.97739,0.98748,0.9907,0.99195,0.84281,0.94256,0.99451,0.98919,0.97011,0.4702,0.98113,0.98395,0.99396,0.94127,0.99252,0.8783,0.99087,0.92541,0.82501,0.95893,0.985,0.98732,0.98152,0.89467,0.96599,0.94639,0.94609,0.98059,0.95645,0.54698,0.6025,0.61806,0.98356,0.84948,0.97059,0.18406,0.92805,0.98837,0.96899,0.88949,0.90782,0.87182,0.25918,0.43033,0.98325,0.5199,0.68461,0.53343,0.23913,0.58748,0.51829,0.028273,0.85675,0.0086901,0.93428,0.93603,0.96444,0.89967,0.9203,0.97666,0.96202,0.98627,0.98657,0.99027,0.69656,0.98855,0.98611,0.73427,0.97464,0.96859,0.90011,0.95023,0.89994,0.47512,0.98025,0.99027,0.98964,0.98057,0.98311,0.88461,0.93908,0.99307,0.99253,0.95854,0.98906,0.99117,0.96266,0.96253,0.96937,0.82297,0.99019,0.51674,0.95874,0.99236,0.99257,0.98862,0.93731,0.99272,0.98785,0.99263,0.98959,0.974,0.95846,0.99094,0.98461,0.90536,0.86981,0.9596,0.25626,0.93807,0.83223,0.95593,0.9615,0.70314,0.91693,0.82554,0.87631,0.99346,0.99287,0.99139,0.99372,0.60248,0.95396,0.99464,-0.00029146,0.93703,0.98918,0.90091,0.9339,0.99348,0.96797,0.93543,0.98811,0.84022,0.95339,0.97333,0.99022,0.98785,0.99248,0.99387,0.9344,0.91757,0.084285,0.18932,0.80282,0.95724,0.93783,0.95056,0.58939,0.98981,0.97084,0.84912,0.98299,0.53628,0.98128,0.87198,0.98705,0.23413,0.0031023,0.98357,0.23094,0.8344,0.99428,0.97879,0.97097,0.99074,0.44842,0.96124,0.61675,0.57832,0.86777,0.079555,0.91334,0.98018,0.75626,0.05233,0.98343,0.55198,0.77855,0.97736,0.68928,0.75811,0.98876,0.93969,0.95441,0.95991,0.70653,0.9879,0.97436,0.81818,0.70436,0.99149,0.99477,0.983,0.97286,0.96464,0.99416,0.42855,0.9921,0.98706,0.99494,0.98887,0.99228,0.96738,0.99278,0.96461,0.99208,0.99329,0.98892,0.99327,0.98518,0.99381,0.99365,0.23058,0.95419,0.28845,0.98996,0.74379,0.98139,0.87049,0.988,0.99395,0.97569,0.99402,0.99474,0.98052,0.99406,0.99426,0.98052,0.99453,0.9173,0.87649,0.99455,0.99473,0.011457,0.99457,0.9931,0.90722,0.82236,0.99239,0.9489,0.99133,0.99481,0.9819,0.99367,0.97812,0.98949,0.99269,0.99294,0.98329,0.99436,0.99082,0.99412,0.99122,0.99343,0.97493,0.99465,0.99436,0.99233,0.9917,0.96166,0.97894,0.98239,0.99331,0.99306,0.98509,0.9676,0.9938,0.98659,0.92553,0.97467,0.98509,0.98159,0.99351,0.98711,0.99096,0.95787,0.91298,0.99223,0.95991,0.75261,0.96037,0.9864,0.98217,0.88473,0.97592,0.93549,0.98927,0.98852,0.98904,0.99211,0.98912,0.83282,0.9908,0.99457,0.98902,0.95098,0.42573,0.82702,0.99394,0.99255,0.97702,0.97863,0.89136,0.93341,0.90903,0.78326,0.76582,0.96875,0.97502,0.93157,0.96819,0.9901,0.51854,0.95533,0.98955,0.99208,0.96816,0.986,0.97041,0.50424,0.96359,0.92083,0.94241,0.98229,0.98031,0.28165,0.99076,0.94952,0.98126,0.8445,0.98224,0.8528,0.59466,0.98843,0.95617,0.99204,0.99243,0.98688,0.99448,0.93603,0.90814,0.98866,0.92255,0.99326,0.88405,0.96114,0.98718,0.99069,0.96146,0.89462,0.96244,0.94507,0.99159,0.93148,0.93086,0.99242,0.96653,0.83064,0.88954,0.98649,0.97913,0.99269,0.99327,0.16904,0.95322,0.98566,0.97285,0.9128,0.99377,0.99166,0.96349,0.98963,0.0020984,0.98804,0.86441,0.77681,0.45008,0.98765,0.42123,0.97005,0.87138,0.99003,0.9798,0.96338,0.99486,0.98779,0.24578,0.99274,0.99399,0.98875,0.98498,0.98733,0.98532,0.97756,0.94175,0.99361,0.86265,0.44347,-0.50732,0.83889,0.97341,0.9922,0.99453,0.99473,0.99485,0.98692,0.98011,0.9752,0.3539,0.99392,0.98075,0.37872,0.99327,0.97399,0.88949,0.98744,0.96184,0.98259,0.98268,0.49992,0.93504,0.9016,0.96859,0.99144,0.96805,0.98862,0.94185,0.982,0.93973,0.99243,0.99012,0.78609,0.98734,0.9032,0.9945,0.99368,0.41223,0.99292,0.98875,0.98092,0.68278,0.98926,0.97505,0.92399,0.78935,0.89755,0.93361,0.98483,0.97759,0.65944,0.98863,0.99433,-0.25675,0.97714,0.98366,0.98102,0.2845,0.92114,0.94191,0.9939,0.98442,0.93085,0.99466,0.99177,0.99379,0.99436,0.98471,0.93427,0.97979,0.99017,0.99031,-0.003881,0.99441,0.99481,0.99451,0.91946,0.99173,0.85866,0.98225,0.99487,0.96549,0.14094,0.99112,0.96839,0.93319,0.96338,0.95997,0.99301,0.99398,0.99469,0.98783,0.97685,0.99385,0.99471,0.99464,0.98869,0.99416,0.89966,0.98249,0.98804,0.99349,0.99454,0.9945,0.99488,0.99459,0.99402,0.90041,0.91802,0.97051,0.99398,0.99328,0.99247,0.90343,0.99332,0.98081,-1.3266e-05,0.99281,0.98731,0.9904,0.9922,0.989,0.99422,0.97701,0.99454,0.95301,0.89278,0.97875,0.99466,0.95012,0.99457,0.99336,0.99413,0.99403,0.99379,0.30422,0.99298,0.96819,0.90227,0.99429,0.99224,0.9916,0.99441,0.9443,0.9675,0.99371,0.87557,0.99107,0.98957,0.99444,0.99243,0.96789,0.99211,0.95751,0.99414,0.99153,0.99314,0.98399,0.99405,0.99392,0.97592,0.99107,0.98759,0.98824,0.88511,0.99298,0.99166,0.99141,0.99423,0.98995,0.99117,0.99405,0.95335,0.98125,0.98744,0.94398,0.48259,0.98576,0.9892,0.99026,0.99401,0.99494,0.99387,0.9782,0.69243,0.95145,0.9924,0.93535,0.9832,0.99167,0.58805,0.98999,0.98696,0.95204,0.74874,0.17192,0.98078,0.98026,0.99439,0.98415,0.97526,0.98317,0.89731,0.98985,0.99258,0.99448,0.98714,0.98295,0.53618,0.9941,0.15382,0.99047,0.98876,0.99311,0.95836,0.96475,0.99438,0.9851,0.99275,0.99287,0.01278,0.98798,0.98243,0.98845,0.99209,0.99031,0.99373,0.98011,0.95543,0.99486,0.96208,0.96875,0.99267,0.94442,0.94077,0.99372,0.97651,0.99369,0.9367,0.99448,0.99429,0.97685,0.77763,0.91958,0.98683,0.98436,0.99033,0.93115,0.98563,0.99344,0.98895,0.98952,0.9944,0.98388,0.92237,0.99122,0.97281,0.24426,0.98831,0.98437,0.9829,0.99234,0.98828,0.9934,0.99475,0.81058,0.99383,0.97954,0.99273,0.94757,0.98824,0.94356,0.93905,0.86645,-0.0019111,0.98507,0.86036,0.99184,0.9601,0.99019,0.94012,0.98437,0.99206,0.97078,0.94573,0.93913,0.96533,0.96886,0.83063,0.95195,0.82293,0.97384,0.95457,0.98503,0.91115,0.98555,0.99376,0.97037,0.97644,0.8609,0.98734,0.98777,0.9882,0.98499,0.96485,0.99359,0.98564,0.97427,0.9948,0.97292,0.9602,0.97438,0.93607,0.87601,0.94147,0.81294,0.98099,0.98396,0.94291,0.7612,0.99336,0.96595,0.99312,0.1549,0.6637,0.90707,0.98217,0.75773,0.99301,0.97359,0.69785,0.97789,0.023671,0.72818,0.92578,0.95041,0.9907,0.84766,0.94047,0.95233,0.99257,0.99352,0.39718,0.82056,0.97344,0.11666,0.88769,0.98915,0.91604,0.9937,0.9767,0.45639,0.98121,0.98673,0.99163,0.88513,0.99018,0.98748,0.97072,0.98587,0.96051,0.99108,0.9857,0.98364,0.99379,0.9922,0.85839,0.9807,0.99033,0.99349,0.99286,0.98605,0.95517,0.9923,0.93662,0.99352,0.99268,0.99143,0.98864,0.81555,0.97416,0.83454,0.99091,0.97972,0.97543,0.12937,0.99395,0.96276,0.98771,0.98968,0.89139,0.90404,0.99128,0.98961,0.97971,0.95526,0.97647,0.35037,0.99044,0.99172,0.98418,0.99295,0.98708,0.6682,0.91612,0.95609,0.9899,0.98406,0.91302,0.96997,0.89231,0.45852,0.9306,0.9454,0.9811,0.96985,0.79636,0.94244,0.79855,0.97786,0.88075,0.90036,0.9664,0.98282,0.98349,0.97545,0.97673,0.98766,0.030492,0.3599,0.13195,0.77061,0.97427,0.92684,0.96855,0.73755,0.82694,0.015024,0.95291,0.9159,0.97967,0.75022,0.97322,0.86526,0.96588,0.78067,0.97041,0.16409,0.98988,0.65028,0.99159,0.79165,0.97704,0.98498,0.99006,0.99347,0.99223,0.97538,0.70226,0.71609,0.99203,0.97855,0.98865,0.994,0.44913,0.95715,0.98189,0.90978,0.99347,0.98316,0.99297,0.98149,0.83915,0.93286,0.83208,0.020292,0.78599,0.98627,0.97338,0.62036,0.9769,0.93533,0.86145,0.99383,0.99348,0.99174,0.99201,0.97938,0.93499,0.96341,0.91162,0.99299,0.95451,0.89024,0.98388,0.99177,0.93571,0.96642,0.9911,0.95969,0.94068,0.9773,0.31457,0.97328,0.94062,0.99286,0.86251,0.76397,0.99242,0.86129,0.98226,0.99469,0.91035,0.98929,0.9916,0.96635,0.95556,0.0032148,0.99456,0.99413,0.94865,0.99322,0.9927,0.75314,0.92541,0.75813,0.95256,0.91696,0.042871,0.98921,0.98858,0.84761,0.87752,0.62333,0.98387,0.94767,0.96731,0.86441,0.98702,0.58263,0.98423,0.77019,0.94391,0.95042,0.82534,0.98731,0.72798,-0.00050956,0.9598,0.96629,0.98151,0.75439,0.97983,0.9856,0.66572,0.97603,0.9905,0.98589,0.94641,0.96474,0.98275,0.9625,0.57913,0.99434,0.84383,0.96833,0.97591,0.90067,0.88929,0.98937,0.99049,0.96756,0.98812,0.9675,0.99311,0.69208,0.994,0.99458,0.991,0.99452,0.9691,0.99487,0.99486,0.99091,0.99478,0.92719,0.99401,0.99381,0.8812,0.99419,0.98734,0.99393,0.95505,0.27602,0.99404,0.9857,0.98863,0.9708,0.99293,0.99496,0.99488,0.99428,0.97423,0.98769,0.96725,0.6951,0.94584,0.99483,0.88606,0.99344,0.96447,0.99453,0.99147,0.97436,0.9925,0.98523,0.99379,0.99237,0.99229,0.96954,0.94361,0.96576,0.99417,0.99367,0.94123,0.99491,0.99462,0.83062,0.99442,0.99478,0.9948,0.92882,0.9911,0.99458,0.99463,0.99417,0.99359,0.99465,0.99483,0.99469,0.98042,0.93213,0.98729,0.98793,0.99066,0.95402,0.98898,0.9565,0.99319,0.99139,0.98798,0.99474,0.99202,0.97472,0.99074,0.98385,0.96965,0.92008,0.99155,0.99151,0.99185,0.97838,0.99188,0.986,0.99438,0.19523,0.9906,0.99385,0.97123,0.98919,0.99446,0.99389,0.63304,0.95846,0.99488,0.94481,0.85909,0.99165,0.99263,0.78812,0.98086,0.98698,0.99425,0.98582,0.98782,0.98868,0.9932,0.98189,0.99457,0.97678,0.9342,0.99423,0.715,0.9845,0.99236,0.99472,0.93308,0.99094,0.99403,0.99231,0.99482,0.99143,0.99357,0.98354,0.99215,0.70617,0.92287,0.99154,0.9458,0.91253,0.91485,0.99171,0.99459,0.98072,0.97503,0.98605,0.98479,0.94704,0.98973,0.88134,0.99162,0.99037,0.99406,0.99217,0.36412,0.9552,0.92223,0.42949,0.96599,0.99344,0.97981,0.7759,0.99365,0.96797,0.95377,0.94852,0.99431,0.99483,0.97419,1.1199e-05,0.99015,0.96249,0.98056,0.97443,0.97182,0.56633,0.99484,0.99396,0.97904,0.88237,0.99402,0.99237,0.99069,0.79157,0.98296,0.98973,0.95799,0.99271,0.90361,0.97499,0.94486,0.98006,0.81702,0.99327,0.99354,0.94626,0.97769,0.91264,0.91514,0.94431,0.96317,0.99267,0.9931,0.47699,1.0289e-05,0.98905,0.98732,0.96627,0.88626,0.99232,0.96196,0.99186,0.94241,0.48212,0.98265,0.97716,0.98982,0.43497,0.97746,0.73149,0.2035,0.8477,0.87943,0.93967,0.97811,0.97291,0.91663,0.98708,0.95593,0.98772,0.9879,0.97204,0.96984,0.97903,0.98499,0.7734,0.99127,0.99177,0.96179,0.59597,0.92711,0.95155,-0.028956,0.98181,0.81041,0.64414,0.99424,0.87942,0.7663,0.99341,0.98775,0.89401,0.95801,0.98803,0.97691,0.66892,0.98613,0.98608,0.99086,0.48336,0.95738,0.99109,-0.0011798,0.99303,0.99243,0.98022,0.95655,0.99002,0.98145,0.98433,0.98473,0.99021,0.9673,0.99106,0.83871,0.87772,0.98669,0.99288,0.97049,0.93587,0.89682,0.95772,0.98959,0.98028,0.84769,0.98937,0.99423,0.8319,0.91415,0.99098,0.93774,0.99421,0.99054,0.96994,0.99411,0.97754,0.946,0.99068,0.87134,0.99408,0.98146,0.98201,0.9883,0.95879,0.96272,0.97667,0.40211,0.98368,0.97684,0.94133,0.95896,0.8871,0.58069,0.34378,0.97191,0.99046,0.94747,0.75913,0.98389,2.2805e-05,0.99245,0.9599,0.99002,0.9552,0.93389,0.89671,0.53107,0.59514,0.57362,-0.001758,0.58262,0.70403,0.81231,0.98289,0.041166,0.92334,0.99207,0.97195,0.98314,0.9851,0.97923,0.98708,0.9926,0.96583,0.96632,0.96271,0.98153,0.9933,0.9946,0.99246,0.99259,0.98234,0.1328,0.99293,0.99232,0.9851,0.96947,0.98618,0.99183,0.99485,0.38425,0.98865,0.95097,0.85769,0.99013,0.99029,0.9765,0.85555,0.33622,0.99103,0.97095,0.98576,0.23693,0.98772,0.98483,0.99381,0.97436,0.98625,0.99418,0.98448,0.98232,0.99465,0.98634,0.91564,0.99417,0.98169,0.94719,0.97781,0.85455,0.99204,0.9943,0.81271,0.99396,0.994,0.98131,0.99329,0.93628,0.92172,0.45423,0.050063,0.9881,0.98764,0.96617,0.43309,0.9948,0.99165,0.81603,0.050498,0.99458,0.93084,0.93091,0.98664,0.99008,0.78772,0.90405,0.77029,0.65277,0.014179,0.94099,0.99269,0.90991,0.96401,0.88761,0.98054,0.95438,0.99366,0.66701,0.61752,0.98824,0.84278,0.84119,0.69786,0.74055,0.99177,0.85409,0.96488,0.98395,0.99069,0.98602,0.98406,0.9327,0.96212,0.98942,0.98982,0.70035,0.99295,0.99097,0.99407,0.70739,0.9925,0.94978,0.803,0.94954,0.9941,0.9841,0.99234,0.99357,0.9934,0.98991,0.99093,0.8121,0.99437,0.99452,0.92786,0.98962,0.99348,0.98543,0.96793,0.99293,0.9252,0.9942,0.99253,0.010349,0.97844,0.99318,0.11179,0.98495,0.9948,0.97751,0.99049,0.98669,0.97522,0.99095,0.99424,0.99459,0.98219,0.90801,0.9889,0.97754,0.98803,0.99141,0.15164,0.9834,0.99259,0.97913,0.84973,0.95954,0.96791,0.99131,0.69308,0.99293,0.96977,0.98466,0.98967,0.96301,0.9647,0.99442,0.9932,0.41474,0.97048,0.9908,0.99395,0.99161,0.98824,0.99368,0.81759,0.85762,0.97402,0.9908,0.61142,0.86772,0.93476,0.9846,0.98936,0.95784,0.99138,0.98916,0.0036174,0.99021,0.98398,0.027329,0.90034,0.98373,0.66472,0.99312,0.98132,0.96811,0.97112,0.90522,0.81248,0.50646,0.85117,0.95669,0.97742,0.98576,0.98511,0.96063,0.99193,0.69494,0.99169,0.77261,0.46326,0.98789,0.99242,0.59411,0.95189,0.99228,0.96395,0.99283,0.98239,0.97153,0.95949,0.99059,0.56198,0.99372,0.98788,0.95078,0.9866,0.99222,0.99219,0.96986,0.99246,0.98874,0.92978,0.77166,0.98406,0.94396,0.99208,0.98665,0.96824,0.97949,0.99347,0.99292,0.8811,0.99361,0.9627,0.9861,0.99458,0.98602,0.97959,0.93306,0.99299,0.89288,0.96331,0.99226,0.98453,0.98947,0.98144,0.99309,0.73759,0.44223,0.87568,0.99388,0.96822,0.9913,0.88194,0.99391,0.93608,0.89925,0.91997,0.98816,0.85553,0.95171,0.99441,0.74514,0.99403,0.9541,0.98566,0.9294,0.64611,0.98912,0.97813,0.51574,0.99486,0.99273,0.985,0.99119,0.98525,0.0063865,0.61541,0.98753,0.98868,0.80427,0.99224,0.91827,0.8655,0.95827,0.99468,0.99221,0.84663,0.972,0.97925,0.98944,0.80538,0.9948,0.72947,0.64193,0.95289,0.99042,0.85581,0.994,0.45441,0.9631,0.029684,0.94904,0.99091,0.99185,0.97756,0.93322,0.85589,0.9696,0.99252,0.057533,0.97217,0.98455,0.98407,0.91507,0.96155,0.97488,0.98065,0.97036,0.93266,0.11457,0.8106,0.75541,0.98527,0.98954,0.70969,0.90416,0.93615,0.97538,0.91216,0.79428,0.78649,0.55021,0.95278,0.97795,0.98366,0.93457,0.98428,0.98831,0.95126,0.92409,0.94429,0.97686,0.95496,0.99246,0.98763,0.94448,0.020674,0.95591,0.99453,0.83854,0.99236,0.98786,0.98772,0.98155,0.16189,0.46494,0.55857,0.57096,0.96862,0.97773,0.97067,0.99426,0.99203,0.21563,0.7482,0.93508,0.99092,0.96052,0.98943,0.10667,0.99131,0.99479,0.99323,0.97718,0.8713,0.992,0.76558,0.99368,0.99038,0.6105,0.99106,0.89894,0.99252,0.83595,0.96249,0.98079,0.97866,0.94978,0.94345,0.99301,0.99436,0.94775,0.99291,0.9832,0.98929,0.92267,0.99446,0.99326,0.95515,0.99426,0.99255,0.99324,0.78606,0.22336,0.98783,0.98743,0.83754,0.98591,0.98418,0.7307,0.98966,0.96586,0.94899,0.86341,0.64377,0.98966,0.98263,0.98088,0.99306,0.99394,0.98045,0.9653,0.98328,0.98962,0.96729,0.99216,0.76292,0.97861,0.99407,0.9946,0.98863,0.99364,0.99302,0.99446,0.99008,0.85303,0.99482,0.99288,0.97877,0.99399,0.86109,0.96541,0.95361,0.99134,0.99265,0.99416,0.98688,0.98886,0.92009,0.9948,0.87134,0.99478,0.9389,0.94093,0.99243,0.98367,0.94493,0.99026,0.97047,0.95943,0.98969,0.96539,0.97983,0.98744,0.2347,0.99476,0.99463,0.79578,0.9946,0.99418,0.86836,0.97995,0.99432,0.99358,0.96659,0.9934,0.99235,0.99464,0.9944,0.99449,0.98403,0.99483,0.99389,-0.00041471,0.60562,0.95834,0.99493,0.99264,0.14767,0.66918,0.81345,0.96136,0.92653,0.95206,0.99233,0.9548,0.99472,0.99486,0.9948,0.98998,0.99475,0.99171,0.99222,0.99023,0.99434,0.99234,0.99028,0.87019,0.9918,0.99487,0.99413,0.99184,0.99459,0.9786,0.94636,0.99412,0.95101,0.99425,0.97932,0.95275,0.9948,0.13161,0.99191,0.55305,0.98092,0.99326,0.99056,0.91885,0.99216,0.99444,0.99392,0.97514,0.99011,0.98778,0.98249,0.99483,0.95934,0.99263,0.98322,0.99201,0.97727,0.97924,0.88225,0.99439,0.97083,0.99131,0.97053,0.99256,0.97587,0.99419,0.99226,0.99452,0.98504,0.99402,0.40571,0.98708,0.99117,0.97936,0.98485,0.043332,0.99438,0.99185,0.99466,0.98812,0.98863,0.99125,0.99328,0.97085,0.99409,0.99468,0.096313,0.98607,0.92625,0.99419,0.99412,0.99495,0.95533,0.99451,0.9872,0.99342,0.98613,0.98404,0.97263,0.98749,0.99449,0.54531,0.99473,0.99313,0.9343,0.99155,0.70465,0.99338,0.99485,0.88842,0.99486,0.99416,0.99424,0.94591,0.47334,0.98911,0.98928,0.9946,0.94278,0.99386,0.98806,0.95616,0.9937,0.99342,0.95252,0.939,0.77391,0.009472,0.99336,0.99455,0.79717,0.84404,0.98202,0.99475,0.19792,0.93376,0.90095,0.91126,0.86122,0.042501,0.99168,0.98142,0.95021,0.80102,0.95456,0.89753,0.98378,0.98828,0.98647,0.99443,0.9948,0.92337,0.98309,0.99169,0.99302,0.99176,0.00090716,0.97189,0.96036,0.86992,0.9875,0.99413,0.9904,0.38771,0.98709,0.99098,0.97477,0.99308,0.994,0.91825,0.87084,0.9803,0.99366,0.98654,0.72733,0.78963,0.99401,0.96099,0.99141,0.98153,0.97577,0.99453,0.98243,0.94933,0.99349,0.99423,0.99349,0.95483,0.99412,0.9945,0.99354,0.93719,0.98315,0.86233,0.95776,0.55806,0.99268,0.99477,0.91207,0.99402,0.9919,0.964,0.89743,0.99189,0.98619,0.95301,0.64528,0.18105,0.97814,0.99228,0.93404,0.97723,0.98628,0.30878,0.98729,0.97979,0.93229,0.97722,0.0037182,0.99449,0.99448,0.986,0.99385,0.63624,0.2187,0.99452,0.96088,0.99454,0.98559,0.9931,0.98462,0.99378,0.98943,0.87506,0.97121,0.70449,0.87881,0.99403,0.99108,0.41992,0.9923,0.98244,0.99443,0.99233,0.68897,0.99359,0.98111,0.98292,0.99234,0.98191,0.40634,0.91918,0.97503,0.92399,0.87784,0.8644,0.99201,0.87836,0.88555,0.99488,0.92389,0.99332,0.88883,0.98313,0.99156,0.99403,0.98238,0.98591,0.99336,0.95606,0.91247,0.99068,0.9917,0.97649,0.90492,0.99187,0.0041361,0.83669,0.93511,0.10041,0.99328,0.97129,0.98962,0.99398,0.98708,0.56964,0.98244,0.99086,0.99253,0.78683,0.98449,0.99081,0.97975,0.99474,0.99072,0.98439,0.99443,0.99179,0.8758,0.98477,0.98206,0.98196,0.98558,0.98971,0.97187,0.97179,0.62205,0.99158,0.99372,0.99363,0.99234,0.99414,0.98889,0.98175,0.99195,0.98131,0.11425,0.94719,0.82605,0.99305,0.99123,0.95842,0.99269,0.98712,0.99124,0.9936,0.96309,0.97293,0.99233,0.99058,0.99441,0.9925,0.99164,0.99424,0.99411,0.99077,0.967,0.98795,0.95325,0.98724,0.97249,0.97002,0.99286,0.092879,0.99114,0.99087,0.97924,0.98355,0.95025,0.89934,0.66166,0.92988,0.98693,0.98042,0.30471,0.85731,0.51087,0.90671,0.99242,0.94787,0.97457,0.34183,0.98387,0.87654,0.98504,0.8802,0.99016,0.98721,0.98063,0.95877,0.28418,0.9797,0.76191,0.9148,0.98128,0.9829,0.44433,0.97697,0.95081,0.26956,0.99473,0.96751,0.9065,0.99042,0.92314,0.92665,0.96006,0.99169,0.94446,0.98773,0.66318,0.99249,0.91748,0.94732,0.96554,0.59976,0.98957,0.99312,0.58422,0.97252,0.98975,0.63995,0.77918,0.96552,-0.30842,0.99266,0.97768,0.98949,0.98103,0.99429,0.99354,0.99478,0.99316,0.98893,0.99273,0.99193,0.98632,0.72337,0.87702,0.37264,0.76731,0.98654,0.98248,0.99184,0.9845,0.97008,0.8249,0.72845,0.98437,0.95736,0.96967,0.98802,0.99468,0.72948,0.93105,0.96946,0.97048,0.44459,0.87841,0.97714,0.99278,0.98997,0.99041,0.9274,0.99259,0.84255,0.96149,0.82361,0.57826,0.98222,0.018608,0.94868,0.98943,0.71781,0.78603,0.92907,0.9573,0.80539,0.89801,0.51566,0.70675,0.83025,0.99372,0.9557,0.50611,0.99117,0.43291,0.98897,0.96388,0.88661,0.89267,0.98407,0.98799,0.7816,0.99323,0.97529,0.24124,0.90067,0.93865,0.97049,0.98573,0.98412,0.92272,0.99325,0.3101,0.99341,0.82525,0.41108,0.81408,0.79916,0.94487,0.9895,0.99393,0.99253,0.86716,0.98028,0.99464,0.98303,0.98138,0.9881,0.99441,0.99232,0.99002,0.74819,0.454,0.98349,0.97414,0.33775,0.9314,0.29667,0.12721,0.9867,0.74381,0.98844,0.9808,0.090091,0.94417,0.49779,0.50126,0.94672,0.95911,0.98255,0.026423,0.96312,0.67119,0.98948,0.59727,0.92066,0.99167,0.97963,0.98265,0.31833,0.91133,0.26905,0.4734,0.59123,0.62982,0.90589,0.89767,0.066762,0.92521,0.85543,0.82593,0.66188,0.89444,0.96562,0.92501,0.96406,0.86474,0.87648,0.97861,0.75462,0.41701,0.97732,0.94684,0.92114,0.87525,0.9618,0.94551,0.96057,0.92515,0.61544,0.64023,0.9377,0.90998,0.90326,0.90699,0.84836,0.43443,0.50349,0.90111,0.97884,0.57102,0.95689,0.9623,0.92514,0.98213,0.68856,0.98647,0.67465,0.79177,0.94875,0.93454,0.56609,0.78371,0.83806,0.68541,0.24869,0.54946,0.89401,0.1134,0.50456,0.2711,0.95864,0.9382,0.96114,0.49568,0.046865,0.95762,0.87488,0.97434,0.73543,0.074481,0.010795,0.84387,0.78495,0.54489,-0.00034769,0.54102,0.16862,0.58548,0.96704,0.68298,0.9434,0.89506,0.83589,0.89955,0.98465,0.9587,0.83744,0.91996,0.97496,0.97805,0.13951,0.72857,0.95548,0.90227,0.96128,0.022537,0.78756,0.94593,0.88006,0.97677,0.98623,0.95349,0.94941,0.91252,0.96589,0.80609,0.22706,0.94815,0.79599,0.75219,0.90111,0.24875,0.1832,0.86959,0.96003,0.24578,0.82639,0.9306,0.65782,0.94479,0.8543,0.299,0.18842,0.94467,0.96267,0.55513,0.92903,0.62523,0.78254,0.98107,0.98574,0.94553,0.77987,0.98411,0.33331,0.71436,0.92508,0.97676,0.96467,0.95556,0.3887,0.96586,0.49717,0.7635,0.97686,0.97346,0.97178,0.98783,0.99436,0.13732,0.90541,0.76318,0.91037,0.73007,0.96958,0.75517,0.12624,0.83379,0.84351,0.87635,0.31498,0.69601,0.69476,0.0044474,0.58416,0.8016,0.0023667,0.9705,0.37151,0.88195,0.68263,0.87266,0.50767,0.93071,0.12407,0.0049486,0.18816,0.4697,0.81534,0.14714,0.78526,0.00068032,0.59898,0.0050976,0.93218,0.2814,0.60434,0.82724,0.73698,0.92716,0.82106,0.41808,0.32453,0.57304,0.0016634,0.59111,0.42373,0.84615,0.88857,-0.016713,0.55501,0.95019,0.36083,0.7421,0.52528,0.6094,-0.0096057,0.44623,0.028489,0.43242,0.84641,0.30384,0.3209,0.71371,0.51801,0.91034,0.0052586,0.77653,0.26051,0.3184,0.4064,0.045523,0.49971,0.76844,0.060652,0.36147,0.73075,0.86306,0.9549,0.95626,0.28295,0.71498,0.84397,0.90153,0.86787,0.98541,0.42686,0.78609,0.1592,0.81993,0.64158,0.88786,0.91577,-0.0027362,0.987,0.91662,0.52427,0.59366,0.56804,0.024199,0.57289,0.31442,0.43896,0.03097,0.70101,0.60224,0.79637,0.92448,0.47008,0.24188,0.71416,0.14812,0.62462,0.62865,0.62866,0.84877,0.64194,0.29132,0.42959,0.48939,0.37022,0.58307,0.70182,0.78375,0.42525,0.020891,0.51522,0.11981,0.47244,0.56053,0.88237,0.74585,0.90698,0.15249,0.64214,0.67707,0.93235,0.88913,0.98489,0.96629,0.96665,-0.0031822,0.22007,0.95103,0.70073,0.98075,0.97522,0.79125,0.95444,0.94725,0.87117,0.94382,0.88182,0.93789,0.93079,0.96452,0.66074,0.95704,0.72064,0.96191,0.98989,0.92687,0.98079,0.73581,0.93455,0.41499,0.026341,0.82636,0.8995,0.97267,0.98491,0.97843,0.94249,0.81539,0.91704,0.84679,-0.028217,0.76444,0.85338,0.9146,0.98359,0.92525,0.86464,0.97196,0.95715,0.81723,2.5821e-05,0.92847,0.66824,0.84315,0.88769,0.97201,0.58337,0.79417,0.67625,0.77942,0.97816,0.67384,0.85481,0.95508,0.52774,0.0059198,0.85752,0.63266,0.94553,0.1187,0.77363,0.98116,0.94707,0.96251,0.23933,0.97201,0.88807,0.96314,0.26474,0.47194,0.9008,0.92606,0.90817,0.88785,0.89977,0.98144,0.83785,0.82068,0.7562,0.33629,0.97902,0.95602,0.48663,0.69063,0.6062,0.72396,0.9662,0.98674,0.84809,0.89809,0.019648,0.39049,-0.36984,0.65109,0.78928,0.63307,0.99203,0.9158,0.93701,0.83012,0.93661,0.89335,0.7946,0.98125,0.95465,0.75756,0.65397,0.12515,0.59129,0.36887,0.054985,0.46898,0.37352,0.90612,0.45672,0.26315,0.95708,0.92289,0.94624,0.97532,0.90179,0.87381,0.96662,0.91497,0.68118,0.63068,0.26007,0.90395,0.76047,0.9636,0.54276,0.93232,0.9819,0.98265,0.98438,0.8362,0.44573,0.81057,0.95444,-0.0047095,0.95653,0.78393,0.81899,0.94228,0.98411,0.1234,0.18718,0.73887,0.98365,0.84126,0.38584,0.94019,0.97297,0.77221,0.94256,0.94805,0.97775,0.88778,0.60143,0.86696,0.96647,0.8534,0.9842,0.48997,0.98107,0.61544,0.96569,0.014167,0.93363,0.91139,0.95755,0.93294,0.98546,0.88541,0.80999,0.98389,0.56189,0.92324,0.97818,0.88725,0.94688,0.81937,0.9853,0.98469,0.6054,0.8931,0.93321,0.66098,0.59737,0.9555,0.97674,0.98957,0.95318,0.98658,0.65241,0.94871,0.33128,0.97599,0.95151,0.77571,0.77857,0.66451,0.26731,0.94374,0.97161,0.94145,0.17968,0.27127,0.98592,0.13689,0.12252,0.89554,0.89119,0.093688,0.49803,0.63529,0.49429,0.84027,0.95461,0.49508,0.56692,0.9875,0.94703,0.57325,0.9826,0.42142,0.75829,0.91689,0.98638,0.90371,0.88459,0.8999,0.91741,0.10236,0.64714,0.97853,0.94527,0.86744,0.39327,0.54277,0.83287,0.93393,0.96121,0.88525,0.93681,0.015793,0.96549,0.9518,0.54767,0.65438,0.15931,0.95524,0.95746,0.76892,0.97411,0.022553,0.9739,0.94513,0.97682,0.97786,0.14396,0.3628,0.48439,0.90619,0.66911,0.016296,0.95561,0.31538,0.87502,-3.756e-05,0.9239,0.78119,0.89354,0.94786,0.89222,0.92229,-0.20488,0.97962,0.025706,0.67509,0.98388,-0.0014966,0.80886,0.97908,0.30843,0.91501,0.94912,0.80191,0.67607,0.92373,0.34435,0.82184,0.0012959,0.51059,0.9043,0.50392,0.9177,0.96067,0.8756,0.54614,0.96077,0.86388,0.90979,0.91076,0.96955,0.97836,0.98544,0.94674,0.98227,0.91721,0.87876,0.97873,0.98764,0.78941,0.98462,0.95216,0.91869,0.90969,0.48991,0.94826,0.62715,0.00064982,0.64658,0.27472,0.7603,0.92517,0.88652,0.027555,-0.00081693,0.0023357,0.36873,0.65234,0.87711,0.42866,0.01146,0.35781,0.14368,0.37261,0.77145,0.60988,0.93458,0.020195,0.99271,0.96191,0.88841,0.77074,0.22328,0.93978,0.64368,0.11661,0.99152,0.85097,0.98461,0.98867,0.96898,0.85375,0.90058,0.95197,0.95928,0.71388,0.76883,0.0086001,0.94506,0.95619,0.84573,0.9563,0.99095,0.87746,0.96909,0.0068922,0.97341,0.98265,0.84639,0.23133,0.97229,0.93562,0.98893,0.48004,0.8666,0.66005,0.98728,0.95001,0.98333,0.98918,0.82334,0.90441,0.96053,0.93383,0.9891,0.98543,0.73497,0.98263,0.93577,0.75845,0.48663,0.9635,0.93962,0.96445,0.74726,0.9816,0.94667,0.93068,0.94079,0.20217,0.98965,0.85168,0.81765,0.82547,0.95031,0.72076,0.028439,0.92607,0.95222,0.68017,0.8584,0.96982,0.066816,0.17023,0.25551,0.11408,0.32881,0.98136,0.89293,0.94323,0.76821,0.97324,0.51252,0.98991,0.97318,0.89487,0.92126,0.22692,0.91413,0.98317,0.7258,0.96065,0.661,-0.014638,0.66962,0.68769,0.22311,0.57216,8.1177e-05,0.66179,0.22894,0.33922,0.72496,0.66272,0.86105,0.84153,0.53728,0.017934,0.88543,0.64318,0.061869,0.72453,0.39103,0.88467,0.68062,0.6471,0.24339,0.52135,0.90527,0.58926,0.60886,0.79067,0.10404,0.25754,0.088934,0.65018,0.23948,0.58755,0.64392,0.49423,0.62906,-0.00075763,-0.075884,0.37865,0.68817,0.77684,0.10377,0.49036,0.84452,-0.097367,0.89275,0.86617,6.8361e-05,0.60908,0.83018,0.02191,-0.0011077,0.67687,0.80906,0.007095,0.44227,0.90229,0.80741,-0.016378,0.15934,0.02752,0.49283,0.52969,-0.0027762,0.74296,0.52034,0.72083,0.72804,0.32427,0.05401,0.94457,0.22307,0.7266,0.82493,0.92366,0.36492,-3.3659e-07,0.55749,0.86984,0.88482,0.89936,0.87041,0.44546,0.82055,0.88831,0.72736,-0.0070106,0.03326,0.38763,0.67931,0.0064994,0.86301,0.082775,0.26418,0.87991,0.91126,0.67075,0.41318,0.9446,0.60764,0.91372,0.60386,0.52381,0.68229,0.84463,0.61216,0.60153,0.54191,0.61636,0.16965,0.1786,0.91682,-0.16322,0.99346,0.98223,0.99414,0.9945,0.98466,0.98835,0.99492,0.99358,0.85936,0.45189,0.10476,0.88682,0.88039,0.26553,0.051019,0.47946,0.31671,0.058621,0.39245,0.8588,0.73196,0.82203,0.94721,0.91992,0.87717,0.13189,0.3275,0.62935,0.5029,0.53695,0.56882,0.7786,0.082363,0.40149,0.92804,0.98823,0.86861,0.95788,0.92106,0.91937,0.89711,0.49674,0.8929,0.98801,0.97994,-0.062318,0.86974,0.97417,0.85836,0.89665,0.37525,0.71866,0.92234,0.6703,0.87597,0.70446,0.97525,0.91348,0.090444,0.85362,-0.028734,0.80112,0.28204,0.030301,0.12096,0.69165,0.63751,0.12676,0.026143,0.38861,0.61717,0.48673,0.056277,0.66977,0.002043,-0.014386,0.17786,0.6508,0.27219,0.27188,0.015561,0.74221,0.38022,-0.040159,0.046512,0.020456,0.19709,-0.0012116,0.022531,-0.042023,0.68385,-0.0031688,0.1709,0.040905,0.031706,0.27124,-0.22746,0.06536,0.7528,0.44357,0.59838,0.40134,-0.01673,0.11394,0.1663,0.71805,0.00034245,0.087455,0.027871,0.0069058,0.76339,0.54964,0.23421,0.46059,0.25478,0.52122,-0.00056616,0.3181,-0.11889,0.46857,0.57049,-0.0088164,0.0063132,0.84226,-1.0777e-06,0.023236,0.77947,-8.4497e-05,0.26288,0.73559,0.74687,0.69566,0.00026892,0.96949,0.11638,0.34666,0.9919,0.98878,0.96628,0.97054,0.99468,0.15187,0.80157,0.77265,0.97949,0.34232,0.23804,0.94957,0.95155,0.64651,0.5169,0.12052,0.086831,0.83874,0.62215,0.67972,0.88107,0.92731,0.95257,0.62,0.9341,0.9846,0.85896,0.93034,0.98133,0.27368,0.40654,0.46923,0.86446,0.86745,0.79282,0.016041,0.92778,0.89986,0.77377,0.25604,0.34946,0.95541,0.69919,0.97203,0.30302,0.2505,0.37369,0.67603,0.067982,0.55263,0.7257,0.90991,0.93801,0.95866,0.96158,0.11263,0.12937,0.8821,0.2741,0.70987,0.94432,0.00028636,0.61578,0.45819,-0.090633,0.73973,0.5616,0.37106,0.87057,0.97193,0.16848,0.89641,0.42124,0.34768,0.45944,0.5211,0.43828,0.0038936,0.86695,0.91804,0.92792,0.95889,0.91409,0.76007,0.97093,0.84859,0.28416,0.97696,0.66938,0.93303,0.82324,0.80649,0.078377,0.76335,0.50858,0.56697,0.92553,0.96709,0.48581,0.5668,0.93817,0.45514,0.79104,0.055382,0.59086,0.36305,0.5106,0.24976,0.042314,0.71134,0.87373,0.87177,0.32791,-0.014795,0.70536,0.88422,0.78089,0.85753,0.8227,0.75246,0.6992,0.95052,0.55632,0.64606,0.49342,-0.0015699,0.8657,0.89648,0.96353,0.9036,0.93752,0.070698,0.82128,0.58549,0.89726,0.98374,0.95055,0.98919,0.86346,0.65013,0.93829,0.95216,0.95743,0.92672,0.79824,0.69832,0.96747,0.90117,0.55295,0.90989,0.13132,-0.022573,-0.0018901,0.91765,0.84938,0.87657,0.73244,0.96263,0.69693,0.70858,0.90891,0.98056,0.67646,0.95743,0.95105,0.46148,0.93499,0.055201,0.69147,0.96653,0.97488,0.63198,0.15977,0.79202,0.58098,0.38051,0.6574,0.97005,0.77553,0.86554,0.94303,0.66206,0.58548,0.83406,0.38037,0.94361,0.98355,0.10177,0.58204,0.59528,0.88313,0.94947,0.94585,0.13011,0.75237,-0.00010467,0.97871,0.31539,0.99221,0.40517,0.63318,0.82193,0.98792,0.6773,0.86933,0.96817,0.52947,0.90679,0.80838,0.85634,0.83184,0.96567,0.84266,0.85328,0.3195,0.90934,0.75615,0.89054,0.55996,0.93564,0.98831,0.94375,0.8187,0.7468,0.67479,0.63857,0.90746,0.80734,0.91782,0.89151,0.6271,0.82365,0.95238,0.98197,0.94148,0.80278,0.96843,0.98266,0.88035,0.93929,0.85494,0.97032,0.81123,0.91786,0.48415,0.90848,0.71433,0.61644,0.94061,0.37367,0.94727,0.78567,0.20099,0.76016,0.75515,0.864,0.97446,0.94651,0.2232,0.80776,0.041591,0.067706,0.98,0.40647,0.13532,0.7157,0.86506,0.85818,0.7766,0.73078,0.24805,0.9241,0.94599,0.94562,0.94017,0.91265,0.95306,0.98134,0.56281,0.70088,0.90599,0.97948,0.67901,0.48789,0.89112,0.78828,0.2323,0.71513,0.98104,0.72053,0.96782,0.81698,0.88,0.95201,0.17405,0.79791,0.015538,0.543,0.96024,0.058982,0.92251,0.96963,0.95558,0.97034,0.89581,0.88197,0.95424,0.86908,0.42341,0.96415,0.97233,0.86004,0.51359,0.8363,0.12593,0.27721,0.88774,0.29626,0.90492,0.75602,0.53324,0.88057,0.73533,-0.023559,0.20169,0.76711,0.90954,0.90643,0.54763,0.93853,0.54697,0.0035059,0.70703,0.018799,0.23686,0.66283,0.84282,0.92595,0.93636,0.97706,0.90507,0.41584,0.63333,0.90456,0.001429,0.82442,0.95424,0.98145,0.97692,0.0074796,0.97603,0.94864,0.89872,0.78011,0.90095,0.88916,0.97715,0.98257,0.82363,0.65492,0.9583,0.37529,0.27776,0.96751,0.95816,0.16772,0.91694,0.41139,0.75261,0.67323,0.93621,0.86226,0.70767,0.53068,0.4217,0.47021,0.58745,0.21401,0.87267,0.67449,0.5557,0.84828,0.76992,0.95519,0.83224,0.9379,0.94913,0.97898,0.82329,0.92337,0.95908,0.65403,0.8919,0.94895,0.85594,0.9841,0.8068,0.92182,0.97606,0.96455,0.92554,0.86135,0.56308,0.54528,0.9448,0.95184,0.91926,0.91136,0.79693,0.79629,0.67621,0.72961,0.95027,0.71387,0.95998,0.81217,0.92841,0.89355,0.85365,0.96983,0.95434,0.96645,0.67843,0.52314,0.7511,0.71521,0.94899,0.72597,0.26444,0.18311,0.79978,0.77159,0.88564,0.94137,0.77541,0.80692,0.55006,0.84063,0.76253,0.93832,0.88859,0.8931,0.94815,0.82179,0.32933,0.31732,0.96305,0.98286,0.9336,0.47084,0.030176,0.85334,0.92268,0.99256,0.99175,0.94649,0.98259,0.97711,0.98701,0.99141,-0.0001147,0.97504,0.95606,0.62822,0.99277,0.97408,0.21656,0.98727,0.96964,0.8736,0.93912,0.78737,0.89613,0.12285,0.50017,0.49292,0.73333,0.47147,0.63397,0.81661,0.63987,0.85669,0.75561,-0.00039043,0.95655,0.85388,0.98601,0.15303,0.23141,0.94022,0.93412,0.19747,0.57419,0.62947,0.13168,0.53567,0.76373,0.022716,-8.5141e-05,0.69928,0.6314,0.98163,0.68341,0.55759,0.30877,0.67828,0.29453,0.79318,0.062682,0.31377,0.8802,0.98903,0.79563,0.63288,0.99178,0.58185,0.93847,0.048794,0.86469,0.79401,0.30093,0.97633,0.8388,0.83959,0.87597,0.54446,0.96908,0.842,0.88262,0.65397,0.90449,0.02018,0.55163,0.52609,0.79696,0.66926,0.62772,0.20092,0.90496,0.86358,0.71788,0.98681,0.98337,0.89368,0.94322,0.71242,0.99345,0.96765,0.37339,0.98708,0.85075,0.74781,0.92575,0.040257,0.93717,0.90945,0.87445,0.55682,0.97322,0.45774,0.95403,0.95825,0.94615,0.97541,0.97716,0.93212,0.1487,0.92699,0.98416,0.99407,0.089633,0.98401,0.036246,0.9143,0.80072,0.80722,0.97851,0.98329,0.97114,0.98361,0.942,0.43565,0.82369,0.97577,0.66347,0.69615,0.54669,0.9714,0.94591,0.89406,0.95399,0.80432,0.76785,0.9564,0.98717,0.43297,-0.00439,0.55599,0.88037,0.77147,0.94106,0.94439,0.68775,0.048291,0.97641,0.97599,0.93385,0.9732,-0.00077896,0.98783,0.85105,0.5025,0.64807,0.92066,0.18848,0.62714,0.95535,0.64652,0.92225,0.18724,0.96297,0.71584,0.9927,0.97005,0.98558,0.9795,0.69232,0.59993,0.93601,0.94004,0.94532,0.13758,0.98216,0.89967,0.88778,0.3236,0.45196,0.97742,0.8968,0.90675,0.93715,0.91619,0.8777,0.53264,0.20508,0.89764,0.59318,0.94315,0.7235,0.96753,0.93609,0.88265,0.99209,0.85245,0.95311,0.89226,0.96499,0.96854,0.46001,0.97804,0.92849,0.96025,0.67621,0.94654,0.96209,0.93849,0.94801,0.93121,0.66754,-0.00041217,0.9664,0.87867,0.87715,0.96151,0.60796,0.79702,0.63363,0.65938,0.61299,0.92214,0.9529,0.4924,0.38085,0.85428,0.8502,0.93252,0.47574,0.78347,0.70033,0.18053,0.74698,0.7634,0.82955,0.092665,0.71562,0.94495,0.93958,0.95121,0.93735,0.9318,0.87534,0.70556,0.079459,0.46044,0.022622,0.070885,0.51242,0.67083,0.7271,0.046957,0.71772,0.70426,0.014426,0.70149,0.68208,0.4312,0.7875,0.064337,-0.21613,0.83448,0.8558,0.64251,0.19616,0.13088,0.054872,0.17278,0.78112,-0.013908,0.62476,0.09012,0.76323,0.4248,0.86041,0.022897,0.82558,0.46339,0.80163,0.45587,0.883,0.47381,0.55971,0.86331,0.13221,0.42342,0.9824,0.95332,0.94292,0.90732,0.94722,0.5666,0.002471,0.38532,0.98278,0.97301,0.98437,0.86464,-1.4866e-05,0.84307,0.94441,0.99006,0.98816,0.72558,0.44345,0.13471,0.87118,0.81655,0.98341,0.88157,0.58462,0.62347,0.62011,0.5406,0.71961,0.14557,0.061381,0.012439,0.49242,0.23439,0.4549,0.10164,0.13141,0.26444,0.77841,0.54214,0.0015484,0.22923,0.3789,0.24096,0.32395,0.25311,-0.00033349,0.30924,0.32722,0.79224,0.73746,0.78297,0.74029,0.74,0.55859,0.017411,0.017133,0.027227,0.0052272,0.0010129,0.66969,0.22129,0.00052071,0.06948,-0.051649,-0.043933,0.61475,0.37435,-0.0011618,0.2749,0.57321,0.58436,0.017733,0.37693,3.4671e-06,0.19615,0.12351,0.58835,0.47062,0.25148,0.55175,0.0025924,0.020217,0.36078,0.36597,0.6671,0.81806,0.30185,0.63308,0.73788,0.33521,0.044977,0.426,0.51071,-0.044051,0.24112,0.36929,-0.016034,0.39883,0.17698,0.66531,0.081323,0.27399,0.61816,0.0056496,0.16965,0.75816,0.32954,-0.0040618,0.54349,0.93,0.29815,0.41888,0.10562,0.98144,0.94269,0.80245,0.37551,0.7398,0.92362,0.84696,0.80676,0.99377,0.85509,0.97054,0.32414,0.61328,0.63342,0.62749,0.83999,0.4163,0.032005,0.62191,0.59249,0.74763,0.46192,0.95652,0.87608,0.71975,0.9894,0.98147,0.98474,0.96297,-0.032211,0.87547,-0.012318,0.86382,0.93417,0.27944,0.30247,0.93404,0.65106,0.85637,0.8464,0.38284,0.015633,0.86509,0.88129,0.48767,0.77106,0.92107,0.95269,0.71758,0.79547,0.71608,0.48601,0.33558,0.036699,0.29486,0.014666,0.13991,0.032488,0.21362,0.082557,0.87577,0.82457,0.84018,0.51361,0.2927,0.7942,0.74963,0.72071,0.29193,0.71407,0.3145,0.93656,0.60988,0.011314,-0.010806,0.57387,0.83486,0.81794,0.51848,0.40993,0.74786,0.65026,0.096041,0.27043,0.83556,0.57889,0.51644,0.1283,0.2896,0.81011,0.69025,0.55483,0.68511,-0.026507,-0.0030494,0.00027271,0.24297,0.019322,0.4851,0.0038859,0.11753,0.02062,0.40885,0.89364,0.60242,0.38119,0.041115,0.64278,0.41035,0.82887,0.0035606,0.095596,0.74804,0.9651,0.0060176,0.6233,0.79667,0.78678,0.72633,0.67185,0.59902,0.49448,0.87659,0.0005752,0.93824,0.97722,0.065651,0.77279,-0.0055094,0.82203,0.96044,0.98019,0.51773,0.95969,0.94704,0.98485,0.79029,0.7594,0.00031902,0.8085,0.9765,0.96851,0.70055,0.98664,0.9358,0.90239,0.98997,-0.077665,0.50914,0.9848,0.983,0.83942,0.89314,0.25232,0.47419,0.79678,0.048844,0.037379,-0.004177,0.027926,0.48068,0.20885,0.20038,0.40436,0.43025,0.97559,0.79812,0.92668,0.8594,0.75006,0.86802,0.85401,0.83109,0.41287,0.039552,0.74684,0.84746,0.028409,0.84359,0.34459,0.30992,0.27716,0.34413,0.81525,0.16904,0.02426,0.027018,0.19418,0.20614,0.74053,0.49321,0.2295,0.31768,0.95819,0.97781,0.46332,0.89924,0.99057,0.94363,0.91844,0.99239,0.99025,0.96637,0.99432,0.98824,0.76993,0.88473,0.9383,0.91803,0.8769,0.88211,0.42302,0.43057,0.94099,0.58804,0.84164,0.27966,0.56052,0.038776,0.29785,0.78525,0.13119,0.92823,0.5277,0.039883,0.74195,0.61463,0.043989,0.77277,0.92011,0.81796,0.39168,0.74294,0.89606,0.13555,0.90765,0.4164,0.84211,0.96511,0.79789,0.81256,0.53266,0.70951,0.71473,0.51806,0.916,0.91285,0.45384,0.002822,0.72162,0.083028,0.4995,0.48144,0.70317,0.011428,0.84161,0.25813,0.79116,0.57603,0.035709,0.5056,0.7367,0.92952,0.049865,0.65528,0.255,0.00079077,0.82057,0.72618,0.86723,0.016207,0.30811,0.42863,0.14407,0.27109,0.95158,0.89141,-0.015426,0.049785,0.83803,0.58017,0.88017,0.75982,0.8869,0.56452,0.48528,0.455,0.65411,-0.00036227,0.78229,0.92715,0.73149,0.58351,0.73008,0.066164,0.70656,0.48544,0.73819,0.91078,0.45758,0.73462,0.13449,0.56395,0.67867,0.39626,0.3983,0.52532,0.76482,0.55263,0.076756,0.069409,0.00025763,0.21125,0.642,0.31346,0.052633,0.80609,-0.1237,0.67797,0.57708,0.7601,0.59257,0.48598,-0.17193,0.94335,0.63396,0.72704,-0.0047631,0.13908,0.54492,0.76896,0.68088,0.05331,0.63897,0.45801,0.74694,0.74233,0.76691,0.76031,0.80763,0.24153,0.038601,0.7121,0.070967,0.0040063,0.33517,0.13796,0.39864,0.94724,0.65931,0.84717,0.89057,0.96401,0.55999,0.53823,0.072254,0.68392,0.40895,0.84736,0.31649,0.90687,0.94274,0.83007,0.46402,0.92903,0.35468,0.05499,0.97001,0.49456,0.62678,-0.02005,0.10603,0.05386,0.41857,0.29462,0.97833,0.88932,0.86509,0.93963,0.91603,0.82021,0.97348,0.95229,0.51507,0.86514,0.86361,0.88303,0.97155,0.50478,0.83122,0.31686,0.34865,0.93323,0.80103,0.068386,0.5658,0.02291,0.94823,0.50185,0.89039,0.85346,0.56546,-0.05317,0.25764,0.68844,0.10875,0.59926,0.79121,0.030047,0.86382,0.27333,0.28558,-0.0064226,0.0047054,0.0060272,0.52086,0.022501,0.25845,0.22181,0.63613,0.51082,0.3867,0.34004,-0.057995,-0.0030421,0.79696,0.068605,0.78651,0.095675,0.69447,0.092115,0.54691,-0.00023836,0.76324,0.39458,-0.056412,0.85665,0.61385,0.82029,0.672,0.41158,0.17136,0.80778,0.45154,0.36873,0.17231,0.26193,0.55068,-5.3148e-05,0.78394,0.25598,0.74277,0.55132,0.056196,0.11739,0.23164,0.81276,0.16766,0.74428,0.078985,0.80674,0.37343,0.36735,0.52644,0.7549,0.90801,0.89003,0.78908,0.062696,0.52301,0.44746,0.71631,0.065992,0.039646,0.18781,0.36498,0.49576,0.35703,0.58356,0.93172,0.98182,0.96939,0.92485,0.86096,0.93662,0.82051,0.76504,0.80335,0.95158,0.10305,0.96623,0.9486,0.64598,0.96471,0.95493,0.0093838,0.83964,0.84793,0.96045,0.89399,0.82693,0.98253,0.97849,0.89814,0.77611,0.70701,0.96694,0.96038,0.98201,0.92074,0.98067,0.59991,0.0054412,0.92775,0.60983,0.83383,0.84532,0.68637,0.71085,0.90532,0.70232,0.98743,0.92769,0.67783,0.45856,0.96003,0.019156,0.90315,0.72601,0.98196,0.90506,0.64071,0.98292,0.96747,0.95134,0.96746,0.98719,0.94078,0.64845,0.98798,0.96735,0.96835,0.82408,0.93978,0.83291,0.85804,0.34612,0.29681,0.76747,0.97178,0.95442,0.095113,0.024112,0.86311,0.95705,0.08906,0.52572,0.81658,0.71683,0.0021179,0.9467,0.98836,0.0001421,0.89008,0.80434,0.94465,0.90881,0.96369,0.6799,0.95012,0.91613,0.96351,0.9858,0.93984,0.96745,0.97116,0.98969,0.99175,0.48665,0.84163,0.92328,0.99015,0.98574,0.23297,0.14632,0.85319,0.96345,0.98594,0.16719,0.6624,0.95884,0.90448,0.98697,0.95315,0.97876,0.85103,0.98224,0.9645,0.95402,0.95307,0.98198,0.9827,0.95353,0.94833,0.90611,0.57935,0.7351,0.96223,0.98819,0.41659,0.95004,0.97116,0.93198,0.46179,-0.0033402,0.94934,0.91421,0.91888,0.97217,0.98535,0.89463,0.97522,0.61711,0.80884,0.96956,0.92692,0.97448,0.70447,0.97612,0.96132,0.60606,0.98385,0.97632,0.99347,0.92933,0.9757,0.92394,0.9772,0.95816,0.97298,0.97512,0.84645,0.98303,0.9833,0.84933,0.66888,0.98363,0.91842,0.43265,0.44873,0.91695,0.84922,0.31323,0.9837,0.82899,0.785,0.87732,0.79277,0.94593,0.98762,0.35271,0.9924,0.99155,0.9307,0.9676,0.92832,0.84217,0.87388,0.15829,0.92271,0.98165,0.98849,0.86129,0.36334,0.946,0.9642,0.19512,0.82184,0.75046,0.82329,0.92603,0.62566,0.93489,0.99112,0.3344,0.98926,0.92645,0.98443,0.98205,0.97055,0.90315,0.79694,0.97606,0.9529,0.92362,0.3702,0.97311,0.9654,0.96423,0.98972,0.97786,0.9103,0.98676,0.9838,0.59056,0.67795,0.82073,0.70376,0.84075,0.59725,0.78499,0.90402,0.80119,0.64582,0.92131,0.96825,0.343,0.51293,0.63088,0.14647,0.82433,0.93522,0.77898,0.9251,0.82259,0.58038,-0.10888,-8.3066e-05,0.74852,0.92942,0.75805,0.80588,0.07453,0.31694,0.48347,0.53978,0.46641,0.92616,0.75834,-6.9739e-05,0.89414,0.93444,0.63958,0.83402,0.67545,0.84816,0.91962,0.9298,0.75323,0.88355,0.67199,0.96015,0.92137,0.97017,0.018382,0.94305,0.93895,0.81985,0.79836,0.93461,0.89029,0.863,0.96789,0.72374,0.67228,0.97536,0.84406,0.53234,0.18539,0.072866,0.47028,0.43497,0.69883,0.67663,0.85928,0.82828,0.85303,0.65931,0.93682,0.053443,0.0057795,0.8411,0.076661,0.12681,-0.0018812,0.42601,0.39354,0.82385,0.0082471,0.1108,0.47258,0.74025,-0.0024002,0.10195,0.023499,0.17363,0.19987,0.38584,0.19776,-0.0015023,0.58724,0.20547,0.36625,-0.080046,-0.016473,0.27138,0.59559,0.0018318,0.097455,0.734,0.56827,-0.0055326,0.38488,0.48319,0.92779,0.43157,0.014924,0.14964,0.88187,0.43499,0.39271,0.53473,0.60546,0.81407,0.66552,0.61863,0.4629,0.88251,0.51873,0.76837,0.59576,0.31262,0.17702,0.48505,0.25535,-0.0048216,0.60805,1.9047e-05,0.095744,0.6278,0.25069,0.48057,0.021476,0.00055339,0.84774,0.30717,-0.38251,0.0048368,0.71012,0.75822,0.64102,0.36028,0.58024,0.39117,0.65559,0.08939,-0.0014892,0.18758,-0.0010966,0.43267,0.27716,0.56957,0.31302,0.37154,0.49716,0.81758,0.64141,0.34314,0.17387,0.35771,0.79676,0.71829,0.66551,0.038754,0.43113,-0.00041936,0.22619,0.26665,0.11105,0.06965,0.56829,0.17609,0.3728,0.52113,0.122,0.60433,0.56855,0.63737,0.53372,0.31291,0.40606,0.3687,0.73741,0.89378,0.0097855,0.87448,0.5155,0.42593,0.811,0.71242,0.0087531,0.17693,0.089183,0.59984,0.0025989,0.36076,0.68138,0.80744,0.70926,0.14605,0.59314,0.6143,0.57531,0.81351,0.10026,0.51354,0.00067659,0.76844,-0.073141,-0.072917,-0.0036181,0.93782,0.94971,0.80672,0.047289,0.034489,0.7947,-0.14322,-0.00036106,0.39852,0.79034,0.26549,0.86357,0.66743,0.90207,0.16615,-5.2927e-05,0.75024,0.00010507,0.00088663,0.65171,0.52472,0.87702,0.98086,0.6107,0.91644,0.80733,0.76347,0.10172,0.83864,0.25287,0.87798,0.15237,0.79009,0.43013,0.3802,0.68953,0.30204,0.44814,0.49812,0.89394,0.81637,0.71745,0.27518,0.067037,0.13779,0.57757,0.47152,-0.022302,0.8638,-0.13828,0.26287,0.058501,0.79275,0.25523,0.39851,0.87045,0.96992,0.95078,0.82879,0.9476,0.86207,0.98826,0.6247,0.54513,0.98136,0.97941,0.9419,0.99094,0.83208,0.96584,0.82215,0.98467,0.42363,0.99399,0.97912,0.98069,0.96217,0.70846,0.20654,0.96016,0.92658,0.0020917,0.88816,0.93031,0.89958,0.67285,0.32753,0.91256,0.23668,0.95569,0.026972,0.56135,-0.0011315,0.60038,0.6417,0.94916,0.80602,0.85425,0.33339,0.96359,-0.0065178,0.96135,0.77814,0.83579,0.84901,0.52401,0.36034,0.005797,0.90149,0.23817,0.78948,0.011669,0.91759,0.66884,0.18111,0.039438,0.87374,0.011452,0.33569,0.91983,0.030562,0.38543,0.33251,0.85439,0.31598,0.62361,0.92405,0.69429,0.93444,0.065137,0.88799,0.55678,0.90248,0.6272,0.81859,0.4547,0.92814,0.98467,0.96311,0.95009,0.67292,0.7575,0.88992,0.25373,0.23872,0.95622,0.86109,0.93306,0.91297,0.95651,0.77342,0.85947,0.96552,0.95687,0.87647,0.46465,0.87809,0.37254,0.25455,0.47822,0.18682,0.89735,0.5605,0.94385,0.87293,0.92781,0.82817,0.87144,0.65274,0.70282,0.56194,0.44949,0.1178,0.77984,0.1868,-0.043394,0.028948,0.00064635,0.082139,-4.7568e-05,0.38726,-0.0047269,-0.015674,0.026881,0.011358,0.26266,0.45932,0.0088007,0.14897,0.019757,0.010758,0.20982,-0.09428,-0.012306,0.010848,0.16019,0.2531,-0.0074226,0.22264,0.18381,0.12845,-0.043391,0.043,0.4877,0.086085,0.14456,7.7416e-05,0.24651,0.0032229,-0.014601,0.025162,0.55552,0.23214,0.39566,-0.0016275,0.051078,0.0013438,-0.01236,-0.0055901,0.5508,0.18971,0.41343,0.67677,0.59014,0.10016,0.054344,0.28236,0.010187,0.0085413,0.1576,0.25378,0.12439,0.02811,0.35351,0.12246,0.013755,0.57703,0.23414,0.20653,0.32942,0.29968,0.11162,0.71832,0.030481,0.45446,0.66189,0.7042,0.92717,0.065977,0.36276,0.58297,0.10676,0.92522,0.18321,0.9044,0.17977,0.14329,0.87927,0.8693,0.61449,0.023031,0.64038,0.94459,0.84407,0.51209,0.91666,0.57243,0.27933,0.74351,0.7191,-0.0069735,0.56341,0.90144,0.43585,0.51775,0.37458,0.080776,0.88579,0.44778,0.011951,0.86001,0.58767,0.55041,0.73099,0.76007,0.94547,0.98615,0.61338,0.73006,0.15766,0.11379,0.25598,0.0044585,0.50556,0.82483,0.2776,0.94326,0.84979,0.82788,0.90922,0.66075,0.10619,-0.00036023,0.18877,0.58774,0.012714,0.7397,0.87532,0.75338,0.8235,0.82762,0.61557,0.46613,0.015736,0.25763,0.24288,0.79847,0.96491,0.97196,0.72855,0.97306,0.76644,0.61272,-0.017014,0.76313,0.53752,0.78624,0.56613,0.88899,0.97918,0.26395,0.25141,0.071299,0.34212,0.28515,0.8531,0.8638,0.0009305,0.74863,0.89538,0.52269,0.24895,0.21041,0.68086,0.71791,0.83837,0.37151,0.79268,0.14685,-0.12113,0.58386,0.9001,0.63106,0.050644,0.1997,0.57759,0.84079,0.58283,0.1355,0.90396,0.9055,0.60805,0.087114,0.90663,0.80798,0.092621,0.61507,0.87829,0.79448,0.66232,0.12929,0.23165,0.61721,0.86873,0.92868,0.55819,0.87782,0.92859,0.4886,0.45503,0.69152,0.85532,0.46557,0.50433,0.81348,0.93437,0.71034,0.92126,0.90552,0.83714,0.71364,0.050497,0.8668,0.61919,0.77962,0.2722,0.85526,0.75377,0.81824,0.47503,0.72534,0.62746,0.9195,0.01523,0.5071,0.75321,0.86571,0.0032407,0.00045387,0.47016,0.17948,0.27881,0.47757,-0.0024835,0.89864,0.42052,0.73633,0.88552,0.95122,0.4107,0.13254,0.40326,0.10875,-0.00023866,-0.00052619,0.59875,0.081373,0.66654,0.96833,0.22618,0.088692,0.43202,0.9328,0.012483,0.66596,0.8541,0.95032,0.78305,0.61226,0.85001,0.59431,0.93328,0.0023207,0.97648,0.71779,0.39665,0.0002578,0.55555,0.97199,0.77596,0.96707,0.95621,0.75875,0.60708,0.079003,0.98578,0.96184,0.89231,0.010021,0.9704,0.9518,0.96807,0.97505,0.92696,0.96057,0.98393,0.97153,0.35509,0.13497,0.94852,0.76262,0.54879,0.57091,0.65715,0.62209,0.36712,0.74118,0.44421,0.35201,0.53615,0.57883,-0.00078567,0.69595,0.053123,0.022067,0.26517,-0.076777,0.44396,0.28602,0.14529,0.20665,0.36458,0.16458,0.36845,0.0035423,0.44162,0.082211,0.015242,0.0011918,0.031152,0.075723,0.0065318,0.43723,0.3119,-0.0016575,0.072341,0.25155,0.034503,0.10708,0.0058575,0.38455,0.35254,0.66363,0.040138,0.63429,0.11063,0.09951,0.88318,0.014625,0.30808,0.37137,0.092803,0.068105,0.27087,0.30452,0.92621,0.69439,0.011648,0.66783,0.64003,0.47927,-6.0781e-05,0.92672,0.71618,0.51525,0.57332,0.89052,0.20856,0.63565,0.63369,0.46587,0.42106,0.48943,0.50833,0.0063639,0.73462,0.085758,0.16228,-0.0056265,0.0021936,0.91983,0.45036,0.00023994,0.9384,0.95168,0.91648,0.40038,0.77448,0.94051,0.67947,0.77617,0.97771,0.73811,0.82645,0.97075,0.74681,0.91347,0.47269,0.96264,0.96567,0.1602,0.7585,0.92153,0.9545,0.50555,0.083085,0.84302,0.95634,0.71432,0.94334,0.17186,0.85284,0.85387,0.25598,0.88063,0.82839,0.93568,0.87071,0.94774,0.44117,0.3783,0.93415,0.84481,0.84501,0.84262,0.070827,0.94983,0.56661,0.93372,0.94459,0.14805,0.91137,0.72803,0.9272,0.67726,0.5231,0.76723,0.78524,0.8819,0.87505,0.55161,0.82242,0.88506,0.98312,0.0033186,0.64872,0.8329,0.93189,0.99065,0.34728,0.85953,0.7679,0.98343,0.98211,0.88332,0.90946,0.92066,0.53338,0.48343,0.18117,0.41058,0.93151,0.58269,0.63733,0.71575,0.824,0.36587,0.89551,0.80754,0.7697,0.40058,0.80564,0.17952,4.8982e-05,0.90275,0.79385,0.92032,0.81125,0.6934,0.63219,0.93697,0.13103,0.95017,0.68948,0.89026,0.90998,0.89427,0.26879,0.81042,0.96893,0.95589,0.96991,0.94305,0.81644,0.84764,0.8502,0.93564,0.89684,0.95348,0.92327,0.96109,0.92218,0.87924,0.87553,0.95777,0.98488,0.92332,0.00032209,0.93337,0.92328,0.95885,0.78484,0.96942,0.85298,0.8514,0.91457,0.90421,0.94506,0.79709,0.50178,0.0065788,0.94541,0.69449,0.96079,0.28314,0.6217,0.28412,0.96058,0.70349,0.83562,0.80649,0.80348,0.45364,0.88079,0.57678,0.97289,0.93978,0.25198,0.83858,0.050171,0.8081,0.95554,0.7944,0.97239,0.9162,0.74316,0.64439,0.32364,0.88356,0.80135,0.93839,0.97265,0.86482,0.065483,0.21304,0.8119,0.25334,0.17934,0.11385,0.48866,0.72784,0.93952,0.77423,0.75797,0.89255,0.3363,0.19536,0.33938,0.0064181,0.71584,0.70975,0.46419,0.88323,0.3894,0.64817,0.75111,0.53546,0.023445,0.42575,0.4102,0.47558,0.2775,0.64345,0.6803,0.96649,0.92125,0.62483,0.94945,0.050182,0.95936,0.063096,0.8302,0.98074,0.98166,0.61744,0.74437,0.71654,0.42278,0.41486,0.97876,0.98557,0.96749,0.15132,0.41614,0.69437,0.98944,0.509,0.94557,0.004899,0.96103,0.30559,0.81332,0.80076,0.16736,0.98157,0.92507,0.94702,0.90912,0.48539,0.92866,0.55125,0.70075,0.84841,0.84863,0.97741,0.9121,0.35194,0.98412,0.45252,0.82466,0.92491,0.92159,0.94763,0.67366,0.74229,0.43536,0.40782,0.6285,-0.022179,0.5916,0.98192,0.83882,0.72214,0.91748,0.97514,0.62205,0.86586,0.12068,0.72232,0.70315,0.79963,0.88796,0.84642,0.19954,0.8384,0.88013,0.086327,0.97157,0.75024,0.72438,0.86461,0.37817,0.42518,0.93431,0.88721,0.71294,0.13897,0.1531,0.92966,0.90903,0.58006,0.909,0.87434,0.94178,0.00014898,0.66209,0.15174,0.1044,0.49927,0.85746,0.76555,0.98188,0.92963,0.95299,0.94445,0.88562,0.93172,0.71807,0.36296,0.89785,-0.029157,0.29607,0.93499,0.88156,0.82669,0.89666,0.81984,0.95381,0.79069,0.92412,0.5819,0.79029,0.89288,0.57146,0.87328,0.050214,0.9911,0.77784,0.0077433,0.069565,0.0012423,0.95576,0.4492,0.97523,0.9826,0.91662,0.44613,0.88751,0.88348,0.96736,-0.30096,0.92339,0.96309,0.95277,0.59961,0.69371,0.94187,0.96108,0.10902,0.93797,0.91033,0.49132,0.78392,0.82112,0.96064,0.43409,0.51151,0.53376,6.5856e-05,-0.024599,0.94944,0.96656,0.022143,0.77221,0.62162,0.75236,0.77408,0.95814,0.96655,0.98555,0.94226,0.00034214,0.93127,0.76212,0.95826,0.32141,0.94922,0.81815,0.61489,0.91781,0.95462,0.79293,0.98,0.88575,0.56257,0.79542,0.90281,0.70178,0.75939,0.68652,0.90446,0.82939,0.95075,0.94044,0.59955,0.95357,0.9589,0.98218,0.43246,0.95314,0.63185,0.69889,0.98886,0.91586,0.97333,0.96933,0.96781,0.93004,0.87125,0.77205,0.11591,0.96027,0.90022,0.65884,0.90892,0.45128,0.29788,0.097614,0.056226,0.72027,0.25044,0.97316,0.89944,0.72533,0.0028976,0.87335,0.15893,0.73333,0.169,0.84437,0.42414,0.00077758,0.34022,0.9516,0.8403,0.013396,0.092355,0.74753,0.18173,0.91529,0.73691,0.0083121,0.70829,0.53965,0.043804,0.79859,0.84198,0.39089,0.73007,0.90998,0.74065,0.72576,0.77941,0.64031,0.91394,0.92746,0.64408,0.8844,0.94022,0.46903,0.46642,0.50647,0.16924,0.057562,0.83539,0.075771,0.33571,0.80789,0.73499,0.49473,0.51115,0.48791,0.65107,0.31758,0.90012,0.043217,0.35486,0.96388,0.85093,0.016889,0.65295,0.88369,0.55653,0.86892,0.22281,0.46678,0.60384,0.67059,0.96185,0.97941,0.85026,0.47952,0.92534,0.84128,0.88547,0.68852,-0.00028683,0.61437,0.12557,0.89512,0.96482,0.69698,0.95196,0.85821,0.77556,0.91055,0.93486,0.97497,0.86608,0.56458,0.89101,0.94097,0.96376,0.91006,0.81216,0.78843,0.96409,0.96116,0.97672,0.83921,0.86366,0.97903,0.98501,0.96595,0.60188,0.64671,0.97481,0.96246,0.97058,0.94973,0.87628,0.96794,0.61268,0.35851,0.68406,0.80872,0.15371,0.82709,-0.0021391,0.43035,0.62829,0.80562,0.56283,0.73952,0.2992,0.89907,0.72141,0.90953,0.89659,0.80645,0.67703,0.89288,0.98875,0.9341,0.012035,0.92029,0.84254,0.90289,0.80027,0.95809,0.93159,0.93189,0.95785,0.98482,0.94824,0.95815,0.97776,0.85542,0.73833,0.77609,0.98548,0.95874,0.95517,-0.00080335,0.90571,0.95087,0.94935,0.85953,0.81559,0.6806,0.96605,0.86188,0.96973,0.97899,0.87576,0.75144,0.95127,0.30201,0.93146,0.83942,0.82668,0.96501,0.92797,0.46212,0.19861,0.88091,0.95266,0.021817,0.83221,0.98044,0.98147,0.90122,0.7635,0.95967,0.96828,0.9029,0.96573,0.98887,0.98807,0.7636,0.78547,0.97298,0.31701,0.98348,0.94618,0.79527,0.64793,6.1293e-07,0.57455,0.84983,0.067384,0.90827,0.88846,0.93914,0.57561,0.90813,0.94421,0.83071,0.44898,0.70949,0.10556,0.94982,0.9559,-0.037382,0.3831,0.16362,0.041254,0.55551,0.98217,0.33326,0.00099873,0.81925,0.26664,0.81237,0.9582,0.25978,0.59122,0.61095,0.75453,0.60301,0.54549,0.27691,0.93102,0.61431,0.90156,0.83853,0.68141,0.84598,0.21023,0.43357,0.9046,0.29602,0.88158,0.80927,0.88969,0.44337,0.12044,0.55727,0.0019772,0.54556,0.15066,0.93665,0.6385,-0.00033555,0.0023888,0.3658,0.20251,0.67942,0.4536,0.25432,0.52172,0.904,0.90954,0.44041,0.064357,0.93131,0.77379,0.21602,0.67816,0.030753,0.26086,0.89618,0.61934,0.9392,-0.0024584,0.89117,0.31684,0.80992,0.82623,0.29947,0.16588,0.67234,0.92167,0.68372,0.82302,0.54075,0.49104,0.55526,0.6273,0.83715,0.72982,0.1479,0.86283,0.87561,0.002259,0.65077,0.68343,0.21077,0.8041,0.57926,0.764,0.53008,0.85143,0.84072,0.56405,0.78839,0.0013526,0.6427,0.91373,0.85632,0.7487,0.68697,0.62074,0.85973,0.49383,0.22398,0.21922,0.74368,0.5048,0.33506,0.85986,0.16125,-0.029738,0.33199,0.29368,0.1021,-0.055305,0.16893,0.35781,0.75631,0.55306,0.52943,0.13281,-0.0067221,0.67605,0.77091,0.15436,0.69251,0.3215,0.96224,0.72546,0.0075215,0.36504,0.098819,0.0047912,0.22113,0.56061,0.28128,0.32585,0.88148,0.3888,0.68618,0.12063,0.52662,0.37085,0.61245,0.046763,0.72016,0.64436,0.60761,0.5617,0.81828,0.83906,-0.0053841,0.7075,0.74544,0.091576,0.0002492,0.78087,0.091601,0.57594,0.24118,0.015892,0.32136,0.11203,0.10313,0.023355,0.53813,-0.11512,0.30639,-0.013655,0.55275,0.18178,0.56449,0.15566,0.18559,0.50148,0.86126,0.29617,0.14392,0.42529,0.94105,0.49895,0.32744,0.70609,0.23203,0.67047,-2.2365e-05,0.42859,-0.0010133,0.62894,0.86708,0.29511,0.14615,-0.086,0.66618,0.92599,0.70227,0.84858,0.79542,0.81596,0.98321,0.95038,0.48594,0.82859,0.31488,0.9262,0.71749,0.25805,0.62517,0.82136,0.25669,0.86826,0.94049,0.72299,0.56054,5.6456e-05,0.87121,0.09221,0.83978,0.14481,0.57159,0.80677,0.2279,0.9152,-0.0032806,-0.0020029,0.98101,0.20284,0.86118,0.9943,-0.0012774,0.85947,0.82676,0.92579,0.91444,0.96698,0.7275,0.77656,0.31945,0.5626,0.38053,0.88933,0.73793,0.56544,0.50737,0.90723,0.81832,0.86397,0.94355,0.91818,0.053875,0.30874,0.31387,0.54014,0.04731,0.70066,0.69523,0.48468,0.065691,0.81497,0.89756,0.59145,0.0099343,0.085876,0.74593,0.78682,0.33149,0.74178,0.74827,0.55324,0.40085,0.72754,-0.021199,0.0012378,0.0023007,0.61119,0.060064,0.80238,0.6237,0.23861,0.68786,0.0049326,0.48528,0.83465,0.54738,0.035602,0.0011713,0.3504,0.21684,0.76744,0.88819,0.62947,0.2048,0.82402,-0.044861,0.4664,0.038188,0.59201,0.2549,0.01742,0.44147,0.11769,-0.015873,0.075937,0.56835,0.26165,0.30851,0.1269,0.20683,0.7294,0.62535,0.06354,0.1555,0.024536,0.17569,0.78839,0.77579,0.53332,0.84048,0.23106,0.059943,0.13802,0.45181,0.34217,-4.0637e-05,0.82637,0.28602,0.95993,0.48471,0.0030557,0.0076992,0.098622,0.15491,0.73699,0.97937,0.6083,0.6363,0.29304,0.52133,0.13291,0.40875,0.69076,0.11225,0.29646,0.29855,0.63588,0.017594,0.55307,0.47089,0.076988,0.78544,0.40012,0.26606,-0.012369,0.041531,0.43002,-0.41037,0.44857,0.14047,0.61072,0.68787,0.3158,0.67913,0.22552,0.37679,-0.0098282,0.61751,0.076795,-0.023029,0.12428,0.05096,0.14712,0.11368,0.18194,0.33825,-2.502e-05,-0.013463,0.31126,0.15517,8.8291e-05,0.12041,0.00052486,0.70965,0.59842,0.56105,0.38122,0.0029268,0.55361,0.19176,0.36478,0.62204,0.1456,0.66115,-0.0068185,0.82341,0.4656,0.71917,0.27279,0.25885,0.44111,0.73143,0.55756,0.94235,0.77552,0.90325,0.6263,0.71651,0.76081,0.41703,0.24821,0.51956,0.17639,0.24222,0.92673,0.56123,0.049401,0.68338,0.90615,0.41166,0.7003,0.14165,0.12459,0.3257,-0.00035352,0.1287,0.31968,0.012644,0.55178,0.14326,0.11462,0.060789,0.16127,0.11102,0.22928,0.62855,0.065491,0.80577,0.23427,0.042995,0.85064,0.12161,0.71866,0.26567,0.30359,0.048283,0.68514,0.39441,0.25609,0.75756,-0.002155,-0.016247,-0.00011158,0.031189,0.58879,0.82337,0.92816,0.82409,0.63653,-0.05443,0.58806,0.077126,0.032223,0.75794,0.57798,0.79194,-0.0040307,0.1999,0.83451,0.56636,0.59307,0.37986,0.73256,0.010501,0.1692,-0.00087171,0.0014318,0.1599,0.23467,0.018594,0.37643,0.26197,0.44212,0.76812,0.11861,-0.040286,0.4659,0.044564,0.036289,0.028812,-0.024838,0.59529,0.66673,0.42664,0.50279,0.077532,-0.026142,0.48621,0.081974,0.004395,0.78249,0.74384,0.32443,0.44637,0.23248,0.45087,0.047819,-0.0094935,0.78242,0.12593,0.50462,0.85538,0.52844,0.77758,0.36871,0.60962,0.4582,0.87084,0.89341,0.61605,0.60884,0.002333,-0.013193,0.70454,0.38109,0.59382,0.39089,0.75777,-5.2293e-06,0.039726,0.63189,0.7794,0.17189,0.049294,0.015082,0.62275,0.60774,0.10248,0.67701,0.66231,0.13633,0.62602,0.83816,-0.00056813,0.56548,0.55985,0.78676,0.33369,0.70499,0.45044,0.019309,0.62764,0.83258,0.4178,0.07043,0.036001,0.65992,0.051769,0.841,0.53622,-0.0069971,-0.064704,-0.0034496,0.88555,0.55775,0.74704,0.45133,0.023479,0.63765,0.00076753,0.53465,-0.00048516,0.51375,0.23985,-0.00031136,0.56791,0.26729,0.040315,0.79932,0.66809,0.91418,-4.628e-05,0.001187,0.52788,0.076234,0.15971,0.65593,0.002574,0.88041,0.030575,0.39258,0.12914,0.091229,0.43356,0.90569,0.091824,0.64448,0.82276,0.50555,0.13925,0.53089,0.66365,0.60377,0.97486,0.89123,0.30366,0.88278,0.89754,0.70709,0.33916,0.61224,0.97841,0.93197,0.60779,0.12965,0.81762,0.47746,0.30503,0.71039,0.8041,-0.0062834,0.68415,0.86122,0.84577,0.76094,0.42877,0.38246,0.043918,0.15461,0.090572,0.58312,0.31095,0.19718,0.43604,0.31841,0.25829,0.176,-0.16519,0.00011084,0.15019,-0.0057719,0.27621,0.17311,0.20741,0.031598,0.47704,0.434,-0.24044,0.017729,0.10339,0.49454,0.018273,0.30217,0.10778,0.68596,0.43691,0.62537,0.15211,0.46933,0.50482,0.093125,-0.0050945,0.011859,0.0026917,-0.027805,0.63023,0.35224,0.72331,0.00032201,0.0012635,0.17517,0.77061,0.75622,0.23959,0.15708,0.36381,0.24734,0.00015882,0.65618,0.62064,0.61598,0.57902,0.52017,0.1492,0.45911,0.41225,0.40327,0.29507,0.65738,0.050106,0.11705,0.20502,0.028626,0.21201,0.4754,0.84076,0.57734,0.63347,0.0022998,0.56353,0.43266,0.35387,0.83624,-0.0073179,0.84481,0.29558,0.021492,-0.0013444,0.13381,0.096196,0.73784,0.68093,0.91056,0.96949,0.73929,0.9315,0.046069,0.94612,0.48434,0.69073,0.90402,0.9449,0.94945,0.98878,0.97713,-0.00018367,0.67966,0.91511,0.13317,0.93227,0.98027,0.94796,0.91914,0.97584,0.75639,0.52218,0.016087,0.96204,0.96552,0.61087,0.82243,0.74332,0.83991,0.79731,0.32939,0.10298,0.59314,0.85625,0.0048532,-0.00087682,0.11425,0.22439,0.58428,0.38553,0.89416,0.16002,0.46501,0.84647,0.32449,0.2492,0.88858,0.80134,0.97836,0.24336,0.46403,0.93707,0.25692,0.75635,0.78563,0.96799,0.68602,0.74806,0.91696,0.66833,0.39902,0.90054,0.69663,0.072304,0.63305,0.91583,0.51372,0.049733,0.94438,0.42728,0.63252,0.26361,0.39229,0.9636,0.98159,0.99429,0.99285,0.88581,0.9291,0.99485,0.99343,0.34987,0.11952,0.77956,0.00053808,0.87981,0.96026,0.97575,0.99427,0.00013134,0.80525,0.54567,0.96486,0.18894,0.62756,0.95738,0.60587,0.78189,0.51903,0.94486,0.41495,0.41338,0.8403,0.267,-0.0015614,0.91448,0.72146,0.98024,0.48133,0.58426,0.45066,0.1708,0.64521,0.91062,0.7634,0.88504,0.97665,0.84067,0.0050986,0.86789,0.092851,0.54783,0.94327,0.71476,0.12834,0.26293,0.94627,0.53642,0.9902,0.44028,0.73088,0.222,0.9201,0.83849,0.47301,0.98147,0.88234,0.93062,0.7959,0.6044,0.4017,0.18744,0.98648,0.25649,0.95287,0.74122,-0.0053314,0.98362,0.40394,0.048761,0.9019,0.82546,0.50641,0.36496,0.57485,0.53542,0.18323,0.01929,0.19131,0.98882,0.76634,0.52131,0.93002,0.87541,0.97681,0.92314,0.32677,0.98389,0.85038,0.98253,0.7516,0.98668,0.89139,0.97817,0.93501,0.9691,0.00081201,0.14826,0.080764,0.91889,0.83173,0.051498,0.43655,0.90892,0.68436,0.20319,0.95564,0.0083529,0.98964,0.92689,0.99457,0.71777,0.9924,0.98384,0.99249,0.96475,0.94731,0.69246,0.92807,0.78849,0.85301,0.023753,0.87443,0.87592,0.93457,0.96625,0.86534,0.98579,0.89807,0.41537,0.54023,0.83356,0.53891,0.98323,0.9754,0.8457,0.96289,0.98751,0.5771,0.98793,0.99108,0.97261,0.9829,0.96793,0.97377,0.91978,0.82647,0.31417,0.965,0.80426,0.79354,0.73229,0.34566,0.61429,0.73427,0.96625,0.95884,0.94294,0.90521,0.95433,0.96239,0.93218,0.92029,0.95457,0.56039,0.9163,7.1876e-06,0.95919,0.88171,0.98158,0.97358,0.92628,0.05936,0.57578,0.67001,0.95157,0.75448,0.89486,0.98964,0.7799,0.67163,0.83634,0.8509,0.046779,-0.005088,0.79384,0.79218,0.67579,0.68934,0.93491,0.97266,0.041881,0.878,0.95967,0.68815,0.13908,0.37155,0.95845,0.81714,0.84711,0.9523,0.84892,0.88916,0.39395,0.6583,0.14309,0.0021765,0.58777,0.50996,0.44761,0.55894,0.55807,0.93149,0.43486,0.8394,0.92261,0.84832,0.00059238,0.4485,0.89227,0.27878,0.89803,0.61466,0.53322,0.52578,0.8042,0.084747,0.90689,0.91849,0.97741,0.95381,0.11469,0.41272,0.7683,0.91549,0.086114,0.96457,0.50118,0.92475,0.9815,0.81493,0.90161,0.88955,0.95056,0.98278,0.93063,0.90878,0.87769,0.92188,0.4619,0.94683,0.91019,0.43893,7.2691e-05,0.37136,0.21643,0.8809,0.92178,0.1798,0.90306,0.97403,0.9539,0.7474,0.93851,0.81441,0.0022248,0.8875,0.9622,0.96769,0.48417,0.95211,0.91048,0.95006,0.81609,0.71301,0.9026,0.69826,0.80839,0.96741,0.80227,0.60809,0.82764,0.9557,0.98186,-0.045487,0.3901,0.97947,0.77445,0.87386,0.0076836,0.61405,0.93408,0.96676,0.84299,0.88089,0.99335,0.9164,0.12025,0.16546,0.98113,0.97935,0.50249,0.59705,0.43021,0.30259,0.98634,0.14339,0.93084,0.88231,0.98404,0.41174,0.81478,0.88632,0.19598,0.31048,0.72722,0.84441,0.28658,0.44412,0.74193,0.95212,0.49048,0.69919,0.63152,0.89675,0.66037,0.90956,0.9809,0.93225,0.85718,0.053746,0.67147,0.017433,0.69006,0.74139,0.23396,0.84497,0.77322,0.6954,0.78086,0.30883,-0.0034782,0.86415,0.77397,0.91462,0.84736,0.97744,0.92642,0.90343,0.64001,0.57042,0.9033,0.87713,0.96168,0.68408,0.988,0.94591,0.90703,0.0010804,0.39785,0.92963,0.68363,0.89555,0.67339,0.87487,0.73614,0.92873,0.94409,0.9002,0.83942,0.58373,0.72301,0.96622,0.046583,0.0014392,0.75345,0.68363,0.87188,0.87671,0.87808,0.40264,0.38829,0.96689,0.51897,0.90912,0.91013,0.8476,0.19751,0.3159,0.96063,0.85715,0.97679,-0.00010354,0.69742,0.78843,0.52398,0.61272,0.85995,0.88533,0.2787,0.81626,0.43739,0.48389,0.21713,0.61983,0.93692,0.94204,0.62643,0.93351,0.92329,0.95891,0.64536,0.96,0.018963,0.13057,0.88972,0.95799,0.71543,0.48657,0.95733,0.97306,0.15556,0.88401,0.82796,0.77903,0.97861,0.64495,0.98124,0.85089,0.80848,0.76734,0.98902,0.46141,0.95209,0.73348,0.90339,-0.0072746,0.88049,0.42066,0.90375,0.063633,0.91287,0.8406,0.95533,0.81098,0.01466,0.56035,0.62172,0.93315,0.9806,0.81446,0.92847,0.82823,0.63278,0.61359,0.83522,0.94027,0.87039,0.16644,0.7943,0.82678,0.93231,0.059517,0.88256,0.21277,0.64661,0.6669,0.72068,0.9085,0.82213,0.57597,0.68268,0.97869,0.98347,0.97667,0.34467,0.89674,0.95272,0.97258,0.89191,0.69903,0.905,0.56832,0.67088,0.48532,0.057375,0.82784,0.74429,0.32136,0.61146,0.70132,0.43654,0.11832,0.99045,0.11794,0.56307,0.78524,0.68336,0.8049,0.96704,0.67387,0.96754,0.85138,0.57568,0.92407,0.96973,0.19067,0.17342,0.53433,-0.011845,0.52211,-0.048667,0.76308,0.97182,0.27689,0.41315,0.41619,0.23971,0.078174,0.030791,0.94543,0.52343,0.36991,0.82506,0.8752,0.2183,0.92626,0.93674,0.16779,0.9826,0.84824,0.63483,0.79574,0.94998,0.91601,0.978,0.93219,0.60779,0.95282,0.18235,0.96097,0.75071,0.78206,0.85458,0.7236,0.91159,0.84039,0.85011,0.84736,0.71254,0.96894,0.89529,0.68349,0.058436,0.92915,0.69192,0.41594,0.91227,0.64197,0.94921,0.68429,0.82626,0.13242,0.099599,0.59303,0.86788,0.66262,-0.0017139,0.89321,0.57687,0.87368,0.38893,0.057078,0.82681,-0.0010409,0.018098,0.29948,0.55395,0.4084,0.33191,0.84558,0.56402,0.9022,0.81517,0.48367,0.91519,0.97737,0.9838,0.5198,0.97442,0.00095005,0.9579,0.90025,0.94862,0.87886,0.93757,0.92225,0.96797,0.81871,0.8081,0.70245,0.49676,0.51733,0.88011,0.97438,-0.00086921,0.96815,0.93494,0.89271,0.94552,0.5824,0.59632,0.18346,0.93929,0.94997,0.86061,0.96873,0.92605,0.97978,0.98888,0.98886,0.48341,0.50298,0.77755,0.65782,0.93026,0.27756,0.16796,0.93937,0.08928,0.33139,0.83924,0.74564,0.78689,0.4188,0.97725,0.96243,0.46924,0.36433,0.9319,0.5348,0.94351,0.99065,0.82302,0.19684,0.26353,0.75897,0.33587,0.96699,0.96717,0.98912,0.95074,0.93449,0.95726,0.77936,0.3006,0.93694,0.97021,0.86939,0.048147,0.89348,0.79257,0.96136,0.23258,0.81701,0.81375,0.92353,0.79613,0.86527,0.97237,0.75025,0.94213,0.41288,0.96082,0.98052,0.89531,0.89,0.93731,0.040225,0.98491,0.97121,0.95445,0.90202,0.85041,0.98001,0.097715,0.5832,0.41295,0.91119,0.91882,0.79024,0.93154,0.76641,0.96484,0.66463,0.97625,0.5708,0.95469,0.93288,0.95612,0.084508,0.98764,0.90508,0.93018,0.96967,0.97403,0.64047,0.76213,0.45969,0.93746,0.64005,0.91875,0.94916,0.3446,0.73279,0.79958,0.98788,0.12716,0.60315,0.97183,0.79243,0.87637,0.017459,0.24641,-0.0045343,0.89948,0.93275,0.74456,0.99244,0.0093745,0.53213,0.98992,0.88027,0.93693,0.97225,0.96744,0.8904,0.95243,0.91436,0.97668,0.94643,0.95278,0.89494,0.77752,0.98338,0.67262,0.9235,0.12742,0.96267,0.69441,0.81078,0.872,0.97388,0.89613,0.98035,0.86747,0.89234,0.97559,0.62494,0.92403,0.97756,0.66253,0.96025,0.97521,0.73508,0.95962,0.30938,0.93937,0.94941,0.96697,0.95825,0.73922,0.86308,0.98752,0.48685,0.89981,0.96512,0.0022146,0.92609,0.72594,0.12531,0.88677,0.9132,0.92823,-0.00052336,0.68305,0.89799,0.87793,0.42521,0.95437,0.93919,0.97754,0.7131,0.92037,0.88628,0.95389,0.57801,0.63353,0.93556,0.93425,0.9663,0.95746,0.82562,0.84271,0.79725,0.97031,0.90565,0.70752,0.95767,0.97576,0.94907,0.96769,0.9366,0.8307,0.021885,0.79057,0.84679,0.042334,0.96223,0.081357,0.031679,0.98365,0.96309,0.96402,0.9843,0.90341,0.77603,0.71629,0.93375,0.97047,0.00014628,-0.071387,0.82994,0.7395,0.53662,0.0015729,0.8376,0.96155,0.93302,0.83163,0.7524,0.78813,0.98866,0.96516,0.88097,0.2667,0.26485,0.0017444,0.93088,0.84305,0.94532,0.73036,0.7845,0.87895,0.52094,0.84724,0.73077,0.41974,0.85587,0.84055,0.85255,0.96775,0.64459,-0.014362,0.29011,0.96573,0.94068,0.98388,0.96589,0.83291,0.77813,0.85427,0.68378,0.96184,0.92512,0.95387,0.87606,0.62796,0.65898,0.52586,0.95267,0.54041,0.98048,0.98136,0.91207,0.82672,0.43024,0.96964,0.97897,0.97043,0.97445,0.36346,0.00014055,0.67064,0.72315,0.82696,0.8539,0.77685,0.55371,0.75771,0.90751,0.87443,0.15417,0.88653,0.7547,0.22255,0.93887,0.86937,0.8392,0.036243,0.99012,0.97739,0.95629,0.75426,0.56142,0.98026,0.9601,0.89941,0.024671,-0.00023198,0.78534,0.74152,0.91545,0.94018,0.55638,0.8312,0.82756,0.76632,0.30506,0.63449,0.0065909,0.81818,0.024664,0.077367,0.19135,0.8911,0.96283,0.89627,0.47246,0.96495,0.49413,0.84757,0.84569,0.50779,0.15961,0.90787,0.95708,0.90099,0.80219,0.97922,0.74537,0.85789,0.54442,0.89011,0.94153,0.34459,0.065414,0.90459,0.74697,0.98844,0.55611,0.86928,0.91128,0.68258,0.83429,0.78567,0.61552,0.51213,-0.0023662,0.94155,0.9902,0.94523,0.078025,0.45963,0.5291,0.9135,0.89339,0.91569,0.10103,0.89358,0.80953,0.95592,0.73633,0.94088,0.92546,0.78585,0.98018,0.38838,0.95727,0.75375,0.79614,0.9332,0.82743,0.47304,0.44053,0.49532,0.90085,0.93627,0.94828,0.82035,0.34058,0.90443,0.72334,0.96425,0.9762,0.95243,0.94305,0.98801,0.92072,0.47882,0.97055,-0.014408,0.96793,0.030761,0.92195,0.67384,0.90271,0.893,0.82002,0.6083,0.92072,0.97511,0.76627,0.87479,0.98432,0.98151,0.96999,0.90302,0.92166,0.36291,0.13885,0.97542,0.90132,0.013163,0.12526,0.90805,0.44385,0.95256,0.92079,0.97358,0.056652,0.96668,0.96065,0.97702,-0.025105,0.40408,0.58138,0.88907,0.9118,0.80966,0.96052,0.89936,0.93166,0.9734,0.94953,0.93993,0.69881,0.90776,0.97591,0.99287,0.29603,0.36373,0.5906,0.91951,0.70601,0.96317,0.9924,0.9706,0.92919,0.94989,0.95939,0.70243,0.051769,0.95528,0.95543,0.32824,0.98436,0.98386,0.97188,0.73911,0.97698,0.96982,0.9636,0.93873,0.74892,0.96134,0.57176,0.90276,0.97477,0.98046,0.69425,0.96401,0.93976,0.95254,0.90971,0.95228,0.97152,0.9906,0.95553,0.36215,0.91132,0.83171,0.85024,0.53924,0.98297,0.0020473,0.98144,0.89611,0.01588,0.86842,0.63041,0.44072,0.95531,0.96744,0.99111,0.9615,0.91938,0.63643,0.65466,0.97872,0.92022,0.87425,0.28183,0.13871,0.54605,0.70007,0.86558,0.92527,0.95085,0.94306,0.94154,0.69308,0.98621,0.26108,0.9796,0.68581,0.96136,0.75687,0.51099,0.88399,0.9211,0.45802,0.43731,0.97222,0.88824,0.9783,0.85358,0.96793,0.97042,0.9467,0.95772,0.81562,0.85242,0.94804,0.09091,0.98638,0.97495,0.83815,0.93277,0.96657,0.74035,0.91492,0.69669,0.91173,0.88401,0.54521,0.0016814,0.72904,0.89076,0.72979,0.15298,0.88924,0.34694,0.8334,0.91377,0.93735,0.91196,0.86249,0.98216,0.95081,0.73856,0.95677,0.92872,0.94377,0.34824,7.0592e-05,0.81015,0.67017,0.83013,0.97602,0.067122,0.89923,0.75662,0.63569,0.92886,0.41592,0.37661,0.85837,0.94155,0.81977,0.89442,0.95678,0.0073644,0.70204,0.8499,0.070105,0.84516,0.96802,0.83915,0.97117,0.96541,0.90795,0.81864,0.9331,0.92469,0.65124,0.058066,0.86947,0.79796,0.6487,0.8402,0.17691,0.92479,0.68642,0.11399,0.98583,0.99314,0.98741,0.92011,0.8937,0.9862,0.99481,0.99401,0.31096,0.88881,0.24582,0.92298,0.94479,0.98969,0.080579,0.96441,0.98746,0.94734,0.9726,0.4643,0.49696,0.55689,0.4218,0.1435,0.77754,0.39512,0.032116,0.93577,0.56673,0.39834,0.94456,-0.0011585,0.86336,0.27376,0.85345,0.89418,0.54967,0.94274,0.62357,0.077424,0.90045,0.40855,0.37075,0.0027787,0.92455,0.88441,0.53976,-0.0014883,0.7648,0.33441,0.51392,0.78403,0.044096,0.9769,0.53265,0.95614,0.90915,0.92636,0.53487,0.99223,0.32315,0.63676,0.98511,0.0075499,0.13173,0.93688,0.77758,0.081757,-0.017697,0.96988,0.66217,0.052862,0.64903,0.24221,0.89314,0.87583,0.26949,0.57248,0.35435,0.13103,0.00089081,0.87671,0.73863,0.0050534,0.19715,0.47689,0.059176,0.86224,0.45946,0.98531,0.95966,0.92552,0.61074,0.63148,0.84262,0.6331,0.61453,0.96818,0.53654,0.61201,0.86689,-0.00074108,0.49561,0.83529,0.68271,0.83992,0.16951,0.9831,0.98973,0.23894,0.97382,0.91641,0.98407,0.45339,0.92632,0.52131,0.96866,0.82862,0.98923,0.99463,0.98151,0.99384,0.98257,0.28154,0.89403,0.969,0.97167,0.98119,0.68695,0.96363,0.74947,0.61145,0.90017,0.021991,0.94878,0.85145,0.98146,0.91253,0.54245,0.37274,0.047199,0.70065,0.8167,0.91799,0.98453,0.94539,0.78434,0.64646,0.87729,0.93983,0.055598,0.85844,0.97245,0.79411,0.83671,0.2161,0.83764,0.93667,0.49593,0.23626,0.38936,0.20286,0.00012829,0.7443,0.36954,0.63865,0.53038,0.57331,0.56852,0.58961,0.109,0.4534,0.014466,0.41922,-0.00076088,0.56043,0.047486,0.0018138,0.089667,0.074332,-0.0012169,0.057723,0.38396,-0.010466,3.4406e-05,0.18039,0.11514,0.0082137,0.0089523,0.0024449,0.59361,0.049245,0.061394,0.46316,-0.00023559,0.46457,0.26548,0.84485,0.59263,0.083441,0.08667,-0.0066262,0.38796,0.30005,0.088228,0.0073693,0.924,0.35073,0.32944,0.22337,0.54564,0.15553,0.2435,0.26092,0.12685,0.81528,0.81594,0.1182,0.86446,0.039784,0.32619,0.8164,0.494,0.66171,0.037536,0.94283,0.84768,0.69167,0.56415,0.87948,0.96027,0.98635,0.77074,0.76545,0.58839,0.94377,0.97744,0.94066,0.95492,0.91475,0.98226,0.9383,0.91927,0.99007,0.9911,0.99096,0.86779,0.78546,0.2268,0.95894,0.96239,0.14086,0.73949,0.97335,0.87571,0.87859,0.82728,0.68565,0.54749,0.82956,0.22367,0.81778,-0.003508,0.13835,0.80702,0.64472,0.95091,0.47541,0.84302,0.93877,0.46191,0.64601,0.42382,0.71386,0.98958,0.76672,0.79469,0.92087,0.95172,0.93273,0.66094,0.92573,0.72885,0.94032,0.12075,0.60752,0.71161,0.94978,0.86489,0.79947,0.76024,0.00012351,0.96777,0.9258,0.44171,0.065187,0.98264,0.87268,0.60339,0.92871,0.56466,0.46629,0.94572,0.63617,0.94335,0.89563,0.35212,0.98047,0.58883,0.89863,0.82936,0.92328,0.66002,0.78662,0.79548,0.66329,0.92244,0.94391,0.66675,0.34197,0.60779,0.83184,0.86528,0.94357,0.86267,0.96542,0.57869,0.73496,0.90905,0.58059,0.033879,0.95613,0.98612,0.8748,0.89421,0.43711,0.97638,0.42687,0.80667,0.50294,0.86694,0.48254,0.84509,0.95638,0.54538,0.55955,0.9201,0.76548,0.74012,0.97378,0.74313,0.89096,0.86885,0.37006,0.60095,0.87995,0.43024,0.8355,0.76332,0.77721,0.15274,0.97253,0.7218,0.0011665,0.87745,0.95885,0.78471,0.91474,0.53765,0.69617,0.87806,0.96828,0.59945,0.98924,0.95662,0.086608,0.94655,0.79829,0.71898,0.8618,0.90602,0.97266,0.94351,0.93484,0.54441,0.87843,0.95469,0.92561,0.86645,0.51446,0.026424,0.029471,0.98402,0.98579,0.98932,0.98929,0.94697,0.86306,0.98229,0.27438,0.74983,0.37081,0.0056094,0.93804,0.96005,0.54518,0.96754,0.91759,0.44349,0.15939,0.93963,0.41336,0.35635,0.0077828,0.58873,0.97409,0.27703,2.0658e-06,0.041336,0.64027,0.61343,0.89459,0.29585,0.0058157,0.0082672,0.66085,0.1507,0.81705,0.94205,0.90547,0.4176,0.31087,0.63415,0.85885,0.71404,0.88986,0.827,-0.10097,0.69406,0.32169,-0.054334,0.37014,0.29009,0.0199,0.6248,0.66653,0.27009,0.96496,0.88785,0.55506,0.43009,0.91381,0.76843,-0.31982,0.62702,0.89835,0.66907,0.55614,0.86876,0.6301,0.85141,0.63085,-0.071948,0.40053,0.89247,0.51588,0.74888,0.94806,0.74974,0.87132,0.25922,0.68557,0.75052,0.78234,0.056836,0.77134,0.16295,0.85311,0.96964,0.98388,0.00012429,0.96256,0.72123,0.87799,0.17504,0.95859,-0.0012935,0.9169,0.93669,0.92928,0.88671,0.94639,0.82048,0.66419,0.78844,0.74508,0.091008,0.90205,0.97471,0.95254,0.83793,0.46624,0.0083941,0.90351,0.95535,0.54145,0.99416,0.80405,0.9724,0.98334,0.041134,0.96997,0.80189,0.18133,0.94388,0.14749,0.72292,0.87747,0.98046,0.90644,0.84035,0.74841,0.79876,0.19384,0.9679,0.45081,0.19954,0.16179,0.60195,0.87329,0.79338,0.34959,0.7847,0.69856,0.86569,0.87954,0.38367,0.89616,0.10078,0.83474,0.5628,0.04474,0.93673,0.94156,0.86781,0.98549,0.9883,0.53478,0.96627,0.97777,0.55887,-0.0030709,0.19268,0.74873,0.9071,0.9875,0.23984,0.34011,0.97855,0.2057,0.98138,0.77733,0.82035,0.88139,0.050928,0.96786,0.92649,0.98918,0.77738,0.76742,0.63163,0.66037,0.95501,0.91741,0.87653,0.87063,0.035932,0.97369,0.71212,0.0879,0.62281,0.94319,0.79276,0.56251,0.36273,0.81252,0.25245,0.18415,0.96572,0.90886,0.39526,0.86947,-0.0030114,0.79562,0.46022,0.87296,0.78258,0.60277,0.98595,0.79703,0.027148,0.56037,0.93676,0.026869,0.40327,0.57383,0.53626,0.87559,0.72559,0.89356,0.12678,0.6163,0.8276,0.65539,0.87219,0.90258,0.0057643,0.79828,0.94638,0.40502,0.68381,0.0063895,0.73752,0.25683,0.82828,-0.003049,0.17874,0.27639,0.43288,0.9415,0.035867,0.85906,0.90907,0.711,0.93553,0.47073,0.65211,0.90661,0.90052,0.9356,0.52031,0.09136,0.48457,0.79485,0.011074,0.64341,0.70709,0.77978,0.80919,0.64342,0.62462,0.70268,0.76743,0.86335,0.78726,0.40541,0.042996,0.12448,0.90317,0.65763,0.71988,0.71342,0.53052,0.33575,0.90187,-0.038863,0.49806,0.87652,0.85265,-0.0015084,0.70017,0.14428,0.92116,0.69956,0.90116,0.94972,0.8184,0.93764,0.94804,0.85772,0.10155,-0.0014816,0.41796,0.95995,0.68532,0.82186,0.76426,0.91761,0.95273,0.080939,8.3766e-05,0.7376,0.79053,0.95978,0.84342,0.15942,0.50859,0.18531,0.94018,0.84624,0.56522,0.911,0.8498,0.00095902,0.85741,0.94062,0.27621,0.23725,0.30063,0.79565,0.62488,0.91178,0.91389,0.85297,0.93637,0.76658,0.16114,0.55139,0.74525,0.82373,0.00098594,0.73001,0.73557,0.86794,0.2308,0.74772,0.76984,0.89592,0.4471,0.94312,0.70858,0.08457,0.053551,0.81346,0.95188,0.81948,0.32966,0.94479,0.30343,0.88327,0.64074,0.94048,0.65393,0.81666,0.96624,0.8959,0.86348,0.83547,0.37021,0.81882,0.0047927,0.062993,0.0080001,-0.0028076,0.94739,0.95797,0.99261,0.99269,0.93179,0.78818,0.99338,0.99435,0.99474,0.99417,0.99373,0.97924,0.9949,0.99193,0.98391,0.98858,0.91503,0.91062,0.79864,0.88842,0.83937,0.95575,0.29742,0.99479,0.99457,0.29717,0.99011,0.99362,0.99192,0.99094,0.99327,0.99423,0.67767,0.96091,0.99432,0.99488,0.96461,0.062914,0.99488,0.99428,0.98926,0.99476,0.99449,0.97607,0.99488,0.94343,0.96473,0.99225,0.98647,0.99008,0.99106,0.99451,0.79635,0.99285,0.99443,0.69728,0.52237,0.00062337,0.37212,0.56212,0.54045,0.22216,0.72586,0.71829,0.88522,0.21229,0.90131,0.15373,0.46494,0.71938,0.55376,0.87404,0.72753,0.69357,0.59451,0.20402,0.75532,0.11272,0.94749,0.11877,0.012508,0.045852,0.72003,0.91534,0.52144,0.93739,0.67387,0.56026,0.73209,0.13753,0.94645,0.53093,0.053253,0.80236,0.71237,0.23393,0.45496,0.9282,0.70512,0.97098,0.38909,0.96332,0.14779,0.80275,0.98447,0.13704,0.085915,0.032601,0.25286,0.86952,0.80095,0.96806,0.045975,0.54659,0.89548,0.36774,0.9093,0.93999,0.70902,0.75801,0.46589,0.29591,0.85775,0.94842,0.88347,0.14938,0.56119,0.87319,0.80035,0.91291,0.56894,0.47498,0.54634,0.85483,0.45333,0.12782,0.26078,0.89811,0.93272,0.89438,0.90701,0.66209,0.88168,0.86514,0.23514,0.0035693,0.85929,0.91519,0.3813,0.78256,0.94384,0.71401,0.96158,0.89968,0.093815,0.083466,0.81538,0.59969,0.9168,0.89561,0.050727,0.37564,0.81877,0.52786,0.42744,0.80594,0.81592,0.51371,0.81063,0.43011,0.13053,0.69488,0.74002,0.88731,0.31104,0.47138,0.80721,0.18322,0.86992,0.035229,0.049995,0.82749,0.4571,0.48227,0.95391,0.41875,0.0051249,-0.0063686,0.24918,0.69426,0.8886,0.30132,0.79135,0.51155,0.049208,0.068351,0.27167,0.38151,0.54814,0.28743,0.83035,0.008632,0.84485,0.75107,0.37043,0.47682,0.17018,0.34959,0.7408,-0.013681,0.008073,0.10058,0.65345,0.067235,0.12793,0.0063665,0.88477,0.56423,0.18958,0.70462,0.73362,0.29211,0.088665,0.9079,0.53633,0.6877,-7.9014e-06,0.38582,0.58629,0.97386,0.071969,0.12783,0.68065,0.42309,0.46775,0.35704,0.67502,0.2984,0.51639,0.95046,0.93181,0.99446,0.99307,0.99226,0.87476,0.89154,0.9926,0.98689,0.01944,0.98675,0.95137,0.99082,0.994,0.95869,0.97736,0.99085,0.94373,0.97772,0.98816,0.98354,0.88464,0.95029,0.98497,0.99205,0.99312,0.98045,0.95054,0.99072,0.99318,0.99325,0.99352,0.97163,0.98699,0.98795,0.99228,0.99109,0.99354,0.63864,0.99127,0.63173,0.99044,0.92708,0.6272,0.83903,0.79102,0.83451,0.70265,0.16924,0.53603,0.92027,0.4593,0.43629,0.95309,0.86261,0.82047,0.94594,0.64896,0.6176,0.92924,0.80939,0.86704,0.26469,0.55511,0.85899,0.88968,0.95644,0.73702,0.9735,0.94858,0.10613,0.97727,0.009989,0.872,0.95644,0.97541,0.98421,0.93261,0.99349,0.94196,0.92854,0.96907,0.85381,0.1056,0.89696,0.5608,0.94071,0.53672,0.0031207,0.7958,0.91019,0.70323,0.65329,0.19969,0.77532,0.98624,0.78866,0.54821,0.87115,0.185,0.92567,0.63975,0.87671,0.91793,0.9469,0.944,0.091877,0.48682,0.7666,0.96122,3.503e-05,0.98502,0.98522,0.99448,0.99024,0.9841,0.99336,0.9636,0.96473,0.52757,0.90252,0.81138,0.93977,0.96487,0.91452,0.29023,0.76444,0.1324,0.94782,0.94282,0.83274,0.024646,0.086169,0.47336,0.96319,0.49907,0.81168,0.035291,0.50215,0.88249,0.87619,0.85484,0.6755,0.77825,0.88348,0.57276,0.90364,0.5677,0.70254,0.99394,0.71049,-0.00045834,0.84372,0.92848,0.7019,0.95708,0.72816,0.96853,0.72509,0.24232,0.026216,0.5734,0.42677,0.92518,0.68181,0.13175,0.24033,0.67231,0.52316,0.87661,0.45058,0.71832,0.56094,0.4449,0.79893,0.66031,0.89766,0.88357,0.91195,0.66563,0.18611,-0.0034201,0.41303,0.96723,0.8431,0.67182,0.019116,0.87045,0.16369,0.88298,0.78146,0.40486,0.37129,0.85805,0.71811,0.060583,0.85126,0.12119,0.53218,0.64996,0.25334,0.6168,0.60706,0.55471,0.45928,0.24266,0.81599,0.84802,0.76055,0.48497,0.81487,0.50731,0.32175,0.92453,0.89247,0.85788,0.95711,0.54128,0.83695,0.29069,0.65039,0.42514,-0.0016874,0.60116,0.033731,0.84118,0.83662,0.87813,0.86375,0.69882,0.77594,0.18051,0.057984,0.88899,0.57832,0.98471,0.99327,0.64056,0.95168,0.97947,0.9849,0.9937,0.99467,0.9913,0.98461,0.99262,0.99217,0.95734,0.62064,0.57457,0.66568,0.76343,0.69739,0.84878,0.51967,0.52512,0.74068,0.90313,0.33691,0.80633,0.70525,0.97157,0.95783,0.51475,0.024611,0.80056,0.19916,0.84823,0.961,0.059174,0.47428,0.55325,0.86051,0.59989,0.84277,0.66459,0.61345,0.64958,0.85131,0.95846,0.506,0.22048,0.5457,0.56316,0.9303,0.93184,0.5116,0.90634,-0.0045493,0.47027,0.97439,0.0072187,0.78905,0.85008,0.92071,0.88864,0.099929,0.87266,0.83566,0.52283,0.75672,0.037981,0.57392,0.96509,0.89483,0.74136,0.88614,0.95404,0.77227,0.17577,0.96389,0.80985,0.18695,0.66872,0.015826,0.0050075,0.85606,0.30038,0.0090257,0.975,0.93523,0.82324,0.64931,0.84658,0.055191,0.92354,0.11223,0.51163,0.6167,0.95882,0.78225,0.34723,0.8547,0.62481,0.33413,0.16501,0.91398,0.89316,0.67415,0.69617,0.74771,0.013518,0.23773,0.35795,0.75982,0.73288,0.96076,0.66153,0.95289,0.92083,0.95255,0.906,0.97149,0.87126,0.73718,0.20364,0.87447,0.46396,0.75963,0.97611,0.75814,0.8991,0.98244,0.92008,0.76899,0.19794,0.90628,0.53264,0.9088,0.85487,0.93359,0.93194,0.90243,0.87715,0.51682,0.89538,7.5255e-07,0.69095,0.29227,0.63321,0.58533,0.89128,0.48321,0.67112,0.82229,0.93204,0.20886,0.27943,0.64614,0.8294,0.77672,0.3885,0.66117,0.96258,0.64841,0.53771,0.89226,0.83713,0.73227,0.15634,0.21023,0.037341,0.55421,0.52829,0.85083,0.58853,0.78868,0.74668,0.68317,0.77367,0.77755,0.012637,0.65001,0.81251,0.93179,0.66821,0.84656,0.87119,0.66398,0.75713,0.49897,0.95767,0.71208,0.87774,0.8622,0.96004,0.72405,0.581,0.95764,0.89123,0.41805,0.99466,0.7879,0.99447,0.99395,0.9754,0.99449,0.98859,0.97447,0.53779,0.95656,0.82142,0.95071,0.20557,0.92404,0.77466,0.17494,0.5142,0.74353,0.085397,0.13162,0.19563,0.9207,0.94175,0.0058588,0.87296,0.905,0.028371,0.50136,0.6462,0.79238,0.97047,-0.16941,0.57108,-0.0035432,0.60852,0.96546,0.7267,0.75681,0.19782,0.15862,0.057084,0.95004,0.96482,0.98273,0.71647,0.96928,0.87521,0.18178,0.95538,0.77974,0.9478,0.85458,0.93249,0.94703,0.38997,0.96434,0.44544,0.67453,0.63322,0.79791,0.47446,0.84888,0.95938,0.89494,0.43001,0.39229,0.57518,0.89712,0.9158,0.41132,0.86836,0.867,0.93945,0.0022196,0.97931,0.27012,0.91204,0.6376,0.93658,0.93838,0.54079,0.88289,0.65402,0.60386,0.98485,0.92859,0.66062,0.94881,0.93898,0.75686,0.95979,0.93855,0.79771,0.11364,0.074311,-0.0024401,0.045833,0.077747,0.63556,0.80863,0.93437,0.17298,0.5043,0.92835,0.98559,0.94344,0.50085,0.85615,-0.012083,0.94908,0.83303,0.093435,0.55075,0.94215,0.96996,0.57625,0.77947,0.77496,-0.0049811,0.26761,0.057695,0.92634,0.97497,0.92637,0.94938,0.66081,0.91193,0.18908,0.90866,0.97996,0.14738,0.023157,0.9143,0.18044,-0.0015457,0.90912,0.88025,0.15277,0.89588,0.51222,0.41844,0.23539,0.7668,0.55697,0.84684,0.57975,0.9114,0.28101,0.14493,0.25606,0.1153,0.018115,0.59645,0.85618,-0.010831,0.46895,0.17373,0.94829,0.61436,0.46333,0.59485,0.65788,0.54152,0.53332,0.0038683,0.11143,0.92714,0.85761,0.76016,0.83368,0.96168,0.81567,-0.018956,0.79207,0.48132,0.7135,0.34055,0.26424,0.77281,-5.2176e-05,0.93965,0.30622,0.34163,0.9734,-0.14751,0.73898,0.0064037,6.6381e-05,0.79529,0.063521,0.96247,0.73046,0.8406,0.85105,0.8721,0.86484,0.943,0.94418,0.66933,-0.00025452,0.98012,0.84024,0.74254,0.99462,0.94817,0.98465,0.63825,0.18105,0.61001,0.97422,0.30813,0.1061,0.78997,0.64853,0.93306,0.60469,0.34316,0.91998,0.82905,0.95755,0.73199,0.9647,0.96651,0.77175,0.394,0.90782,0.5125,0.97724,0.62546,0.95243,0.96555,0.62979,0.52818,0.5855,0.43431,0.87679,0.85399,-0.0034025,0.6355,0.95239,0.42807,0.90388,0.96298,0.81683,0.9145,0.97878,0.99023,0.89852,0.94489,0.98756,0.94105,0.64211,0.83304,0.96434,0.96757,0.96972,0.94022,0.057784,0.55805,0.78687,0.41493,0.83474,0.94102,0.41335,0.94661,0.9435,0.86313,0.92343,0.85292,0.98053,0.83077,0.80384,0.87739,0.050323,0.94572,0.42482,0.85367,0.93108,0.42,0.93651,0.68591,0.0007637,0.020345,0.8553,0.82696,0.92149,0.94083,0.15651,0.55269,0.74625,0.14426,0.60871,0.83542,0.96246,0.92618,0.35301,0.8316,0.69229,0.83577,0.97565,0.92101,0.94508,0.93421,0.54704,0.77199,0.74791,0.4283,0.64752,0.83075,0.76651,0.41211,0.25484,0.14053,0.79159,0.63342,0.37506,0.64849,0.25495,0.0052168,0.57542,0.45515,0.36462,0.11369,0.28341,0.93285,0.82931,-0.12164,0.89695,0.63046,0.82125,0.46359,0.9558,0.74591,0.48221,0.018645,0.065687,0.23817,0.32714,0.8169,0.65195,0.20881,0.053521,0.093454,0.51979,0.060803,0.77793,0.85229,0.70987,-0.0025855,0.25592,0.38837,0.059887,0.81278,0.97269,0.93414,0.94456,0.7451,0.85783,0.99257,0.96659,0.94009,0.91316,0.21304,0.95538,0.69301,0.21951,0.24485,-0.036547,0.20921,0.76727,0.0018599,0.76839,0.18475,-0.0053327,0.61425,-4.0691e-05,0.89446,0.76891,0.68492,0.89138,0.84071,0.17192,0.70361,0.51819,0.04728,0.23406,-0.016732,0.46272,0.9238,0.79324,0.46005,0.63986,0.65158,0.32366,0.91237,0.82906,0.90746,0.97514,0.035601,0.79886,0.8722,0.88713,0.09869,0.81485,0.72024,0.20239,0.89585,0.91828,0.40009,0.41173,0.71121,0.84187,0.8797,0.014865,-8.6749e-06,0.0089243,0.95442,0.96985,0.56942,0.86505,0.00073161,0.030865,0.96349,0.34001,0.94469,0.80989,0.84661,-0.00041415,0.89865,0.91195,0.6099,0.038218,0.43303,0.10408,0.17693,0.084886,0.57946,0.65753,0.072734,0.52125,0.87134,0.76455,0.36344,0.059008,0.80938,-0.36619,0.53345,0.91661,0.9307,0.96648,0.74806,0.68891,0.5596,0.6069,0.86887,0.67322,0.7606,0.59184,0.66729,0.93368,0.27641,0.02652,-0.00085469,0.6932,0.95814,0.50264,0.96932,0.080397,0.4474,0.72837,0.6877,0.90498,0.72173,0.92573,0.72867,0.39435,0.63892,0.85632,0.83913,0.89327,0.64672,0.083642,0.96706,0.56368,0.31486,0.92563,0.088002,0.93388,0.79881,0.85309,0.91337,0.95619,0.82227,0.94261,0.81633,0.91824,0.91316,0.27838,0.66771,0.81403,0.34475,0.89378,0.72212,0.88798,0.087413,0.24012,0.95283,0.67692,0.84062,-0.062112,0.83866,0.8137,0.67948,0.6976,0.9631,0.76327,0.39279,0.17066,0.94705,0.72519,0.2616,0.72424,0.85272,0.49918,0.31942,0.32939,0.0012883,0.45558,0.772,0.93336,0.77137,-0.0011058,0.70252,0.14103,0.62096,0.76802,0.92697,0.89281,0.82363,0.10365,0.18062,0.91656,0.87959,0.28466,0.42931,-0.00020995,0.18618,0.76802,0.79354,0.51691,0.97552,0.98042,0.8855,0.86446,0.88109,0.83295,0.52446,0.82857,0.9683,0.94957,0.06057,0.0015324,0.27472,0.57354,0.64602,0.64574,0.57256,0.14063,0.9221,0.79525,0.91212,0.36225,0.030657,0.0011494,0.002834,0.91334,0.90334,0.25908,-0.0069653,0.96018,0.45135,0.95438,0.87949,-0.14242,0.5018,0.71943,0.95711,0.13361,0.083565,0.40399,0.85721,0.87679,0.79516,0.91853,0.56961,0.90343,0.78199,0.81795,0.64028,0.89585,0.53539,0.0013622,0.63415,0.35248,0.88115,0.22965,0.92853,0.94278,0.4254,0.59019,0.8665,0.60118,0.83486,0.8326,0.81261,0.87387,0.84329,0.93551,0.19098,0.4495,0.17412,0.89497,-0.00016142,0.94733,0.48871,0.85801,0.53197,0.81771,0.6025,0.18912,0.81481,0.48436,0.86516,0.587,0.96711,0.83457,0.25418,0.12122,0.87043,0.95037,0.97028,0.18126,0.78419,0.47801,0.8577,0.90163,-0.015911,0.12759,0.59868,0.73469,0.57069,0.61542,0.86999,0.83596,0.90322,0.95922,0.67805,0.55205,0.63496,0.099276,0.12653,0.84746,0.86625,0.927,0.32335,0.31438,0.94821,0.95361,0.79435,0.62017,0.093303,0.40881,0.50357,0.38846,0.090781,0.61198,0.43399,0.57593,0.75565,0.72534,0.94008,0.91303,0.97232,0.95822,0.91066,0.92708,0.80304,-0.0027429,0.92813,0.94701,0.76161,0.94442,0.17895,-0.015007,0.795,0.4436,0.92566,0.92885,0.89353,0.91818,0.19502,0.90353,0.94039,0.80303,0.54136,0.83731,0.97427,0.80799,0.44679,0.25139,0.20748,0.86565,0.52505,0.8105,0.42825,0.35369,-0.00010303,0.54632,0.0039649,0.26297,0.78926,0.9419,0.70884,0.61863,0.83715,0.97722,0.90449,0.28483,0.0078477,0.87963,0.71634,0.69064,0.76811,0.87057,-0.04611,0.74456,0.71107,0.56522,0.7919,0.93356,0.44929,0.7748,0.88383,0.59225,0.64602,0.73776,0.59197,0.10417,0.91927,0.75278,0.88233,-0.0004764,0.28428,0.96673,0.97472,0.92731,0.0033206,0.91134,0.89657,0.24732,0.90254,0.91172,0.96205,-0.032649,0.91412,0.69484,0.84689,0.82167,0.91344,0.19068,0.9432,0.87784,0.69823,0.80418,0.96053,0.77371,0.96702,0.83065,0.86001,0.27987,0.53337,0.53725,0.64665,0.45439,0.44793,0.70259,0.66885,0.94709,0.11113,0.026383,0.94512,0.40217,0.31696,0.93625,0.93253,0.80392,0.9423,0.25039,0.96289,0.75782,0.96946,0.90993,0.96981,0.61484,0.97433,0.47606,0.48821,0.91503,0.98019,0.80523,0.66704,0.59281,0.57307,0.50136,0.98857,0.60162,0.83538,0.42461,0.66905,0.41801,0.96766,0.93126,0.10612,0.81232,0.039092,0.94847,0.90489,0.89292,0.90773,0.97715,0.87557,0.9184,0.58711,0.49044,0.96436,0.44629,0.895,0.84762,0.9243,0.88484,0.42357,0.80533,0.92294,0.29023,0.70517,0.95419,0.80649,0.9491,0.95409,0.8741,0.73494,0.9754,0.47042,0.62232,0.83843,0.92297,0.51363,0.96332,0.92216,0.90746,0.021986,0.55076,0.97807,0.91118,0.51505,0.028335,0.00065594,0.39717,0.43437,0.50375,0.0019489,0.88302,0.49732,0.58641,0.68229,0.2246,0.99405,0.34743,0.66247,0.56426,0.91858,0.84586,0.83326,0.76071,0.001881,0.078823,0.162,-0.0051821,0.16576,-0.0033548,0.66531,0.50665,0.54168,0.30901,0.31835,0.19592,0.33035,0.49427,0.65305,0.30696,0.62966,0.81607,0.89938,0.93774,0.905,-0.0034197,0.72186,0.90971,0.68484,0.64083,0.79105,0.87701,0.34144,0.92556,0.60353,0.92811,0.8516,0.6548,0.90958,0.97572,0.36574,0.78932,0.96464,0.81532,0.92199,0.94362,0.10779,0.79647,0.91433,0.71294,0.91884,0.018315,0.028637,0.35707,0.42634,0.42514,0.24598,0.62884,0.43747,0.51583,0.66356,0.12549,0.13744,0.78571,0.67676,0.010348,0.13435,0.19922,0.53688,0.49085,0.0058203,-0.034537,6.1603e-06,0.002158,0.41593,0.75734,0.30385,0.51395,0.43137,0.39227,0.81481,0.097765,0.92775,0.94064,0.93818,0.68224,0.92141,0.73354,0.96024,0.39661,0.9254,0.8422,0.51125,0.031052,0.90802,0.57985,0.62366,0.65963,0.88951,0.21013,-0.31818,0.069594,0.90213,0.90953,0.098219,0.60058,0.71486,0.85029,0.50358,0.89031,0.72992,0.89671,0.89494,0.89771,0.95678,0.89792,0.73646,0.81028,0.8413,0.67044,0.6086,0.52239,0.71474,0.88426,0.87342,0.73619,0.085063,0.94577,0.93095,0.955,0.25514,0.89375,0.93429,0.78857,0.6458,0.91988,0.47489,0.95238,0.52761,0.43966,0.96334,0.20005,0.53699,0.95687,0.53756,0.11106,0.53815,0.9752,0.93047,0.84304,0.72431,0.82967,0.19561,0.45466,0.97373,0.0033425,0.77828,0.88557,0.1383,0.84806,0.69327,0.90733,0.8045,0.89231,0.93972,0.81628,0.61436,-0.0028693,0.41836,0.89283,0.845,0.17886,0.76405,0.53193,0.93038,0.80163,0.97428,0.94575,0.1249,0.91064,1.1328e-05,0.56973,0.85573,0.25725,0.91688,0.84149,0.53972,0.94081,0.95976,0.86296,0.87917,0.88287,0.54464,0.90513,0.81809,0.95722,0.98401,0.55263,0.20063,0.69703,0.17186,0.37575,0.6382,0.19836,0.60852,0.39134,0.060485,0.69664,0.1218,0.089077,0.15672,0.32412,0.27749,0.020046,0.35275,0.32764,0.79223,0.81786,0.25281,0.61189,0.80745,0.48781,0.64812,0.6821,0.017251,0.27093,0.38859,0.25264,0.53633,0.015617,0.89528,0.05366,0.66593,0.48135,0.12131,0.85743,0.70257,0.65013,0.92406,0.43153,0.049001,0.50542,0.36917,0.28184,0.82326,0.42044,0.87852,0.059887,0.90393,0.14941,0.41667,0.052354,0.64978,0.59794,0.24567,0.35406,0.37394,0.60381,-0.010681,0.45363,-0.00045752,0.51675,0.014237,0.57582,0.78776,0.4778,0.75404,0.54283,0.80698,0.95597,0.9572,0.23111,0.95466,0.22963,0.9323,0.06402,0.37976,0.62137,0.89185,0.80759,0.4573,0.6168,0.82257,0.33292,0.91153,0.91571,0.78577,0.92776,0.57067,0.92791,0.92467,0.78508,0.11595,0.96642,0.18513,0.020702,0.95503,0.9428,0.82132,0.91662,0.96403,0.43149,0.64419,0.20633,0.68885,0.97026,0.95281,0.87632,0.15972,0.89851,0.052196,0.95274,0.12434,0.77396,0.94202,0.92854,0.95342,0.79044,0.93396,0.32364,0.74836,0.7433,0.86095,0.84172,0.65354,0.85304,0.81929,0.020363,0.16373,0.0023655,0.45921,0.969,0.72669,0.3571,0.77269,0.67675,0.59587,0.32737,0.9748,0.89183,0.89892,0.53071,0.24152,0.10391,0.77101,0.85192,0.3705,0.88621,0.92763,0.9525,0.8597,0.96446,0.97366,0.29266,0.53871,0.62784,0.67484,0.90955,0.96151,0.81959,0.96533,0.84378,0.064748,0.91944,0.48263,0.7355,0.82853,0.69071,0.64153,0.5709,0.93545,0.80322,0.014212,0.91961,0.56736,0.81835,0.73563,0.78823,0.91147,0.37377,0.90805,0.31975,0.2684,0.68185,0.97876,0.95736,0.95917,0.48942,0.74618,0.0087741,0.2343,0.83614,0.057779,0.33278,0.30525,0.85743,0.52618,0.8926,0.9383,0.94292,0.85031,0.23482,0.85219,0.76226,0.58938,0.47542,0.13483,0.942,0.31375,0.87392,0.20353,0.94872,0.49202,0.059513,0.87219,0.81693,-0.00045009,0.17851,0.48514,0.41216,0.35597,0.60532,-0.00027251,0.6861,0.14686,0.9414,0.32653,0.88311,0.9378,0.74301,0.89335,0.86789,0.65916,0.15765,0.52334,0.92085,0.69917,0.88904,0.16568,0.041538,0.62039,0.67099,0.78775,0.7457,0.79015,0.57285,-0.00092487,0.41269,0.9871,0.72306,0.772,0.87331,0.6934,0.79752,0.73154,0.89924,0.8338,0.8673,0.49485,0.53387,0.96274,0.98611,0.9008,0.90849,0.96627,0.83098,0.81226,0.95767,0.96524,0.87613,0.51817,0.88137,0.97096,0.94136,0.96011,0.9876,0.95852,0.87084,0.88848,0.80872,0.96876,0.88683,0.99389,0.98898,0.74558,0.87323,0.85075,0.97154,0.91236,0.98692,0.9257,0.96561,0.6361,0.6534,0.97476,0.50919,0.77472,0.93871,0.7709,0.90521,0.89892,0.98354,0.92077,0.94266,0.91915,0.65407,0.8975,0.9417,0.88201,0.6112,0.98788,0.9362,0.97406,0.98297,0.97266,0.98399,0.76226,0.98086,0.99042,0.93917,0.96151,0.96165,0.9394,0.97416,0.47582,0.56958,0.73795,0.087977,0.32537,0.62587,0.82128,0.16528,0.92993,0.31816,0.88287,0.99051,0.81618,0.91512,0.98612,0.95746,0.76676,0.726,0.82979,0.97866,0.9381,0.96013,0.98378,0.92788,0.5743,0.021098,0.25001,0.025809,0.19331,0.6952,0.63037,0.79849,0.687,0.6617,0.93134,0.69898,0.97492,0.88205,0.97432,0.98818,0.86372,0.2181,0.41215,0.85479,0.34261,0.57828,-0.0003832,0.27102,0.012465,0.79706,0.036797,-0.0022857,0.17061,0.053993,0.29411,0.079589,0.7846,0.8112,0.91362,0.93302,0.9832,0.95776,0.58259,0.89301,0.91845,0.9015,0.81378,0.9427,0.90825,0.21986,0.66232,0.83316,0.91639,0.72013,0.98579,0.95113,-0.011814,0.96151,0.97124,0.27724,-0.011716,0.72087,0.24418,0.87722,0.56067,0.018711,0.57697,0.21303,0.35409,0.039937,0.48779,0.48169,-0.029385,0.071049,0.040818,0.084806,0.045179,0.17013,0.86155,0.83979,0.087946,0.29651,0.015017,0.28104,0.063504,0.27899,0.2048,0.073683,0.014041,0.178,0.42595,0.62433,0.41653,-0.000384,0.98956,0.87036,0.18213,0.9394,0.97162,0.86647,0.86822,0.94942,0.3391,0.0067502,0.93207,0.96879,0.38556,0.9336,0.89606,0.96933,0.89592,0.87201,0.98679,0.74589,0.65643,0.9906,0.59634,0.86721,0.76075,0.034604,0.97246,0.95801,0.73261,0.98022,0.94223,0.92744,0.080789,0.9796,0.93032,0.86724,0.8749,0.9801,0.88779,0.97754,0.96319,0.94352,0.65964,0.55096,0.93539,0.15735,0.12281,0.91016,0.72758,0.87993,0.91992,0.88837,0.94172,0.75545,-1.2623e-05,0.91684,0.87463,0.91914,0.68694,0.92138,0.84249,0.94721,0.85324,0.78947,0.98391,0.97348,0.93474,0.89244,0.76161,0.98339,0.82202,0.95686,0.98603,-9.8944e-06,0.90034,0.79313,0.96251,0.79687,0.24752,0.95048,0.98481,0.56455,0.97695,0.51385,0.92856,0.90586,0.82228,0.87952,0.97025,0.85347,0.86433,0.49699,0.8308,0.97722,0.51045,0.86281,0.98604,0.78614,0.84381,0.9021,0.61528,0.47719,0.95322,0.95583,0.51979,0.96482,0.80459,0.48518,0.6561,0.87318,0.96659,0.53923,0.87028,0.90621,0.97901,0.54991,0.40289,0.29242,0.061281,0.23175,0.0096458,0.083049,0.25324,0.20745,0.50846,0.0062989,0.63117,0.56892,0.57227,0.65915,0.045597,0.82147,0.028309,0.24644,0.10576,0.55135,0.11225,0.44728,0.050131,0.13332,0.37792,0.46055,0.35449,-0.0013456,0.14432,0.79642,0.6535,0.35926,0.59233,0.21841,0.46458,0.020304,0.66955,0.016249,0.20666,0.4039,0.1511,0.41784,0.057471,0.59857,0.059642,-0.006928,0.27424,0.89211,0.16332,0.36347,-0.0014108,0.30256,0.81921,0.00020157,0.72206,0.42201,-0.004002,0.0076912,0.62717,0.10622,0.57462,0.67935,0.25872,0.81026,0.98245,0.85518,0.97232,0.9867,0.91185,0.62838,0.88513,0.8584,0.95777,0.92259,0.7904,0.92593,0.91583,0.95712,0.91918,0.93371,0.42309,0.24153,0.61483,0.81326,0.93319,0.54492,0.93931,0.67904,-0.1264,0.024321,0.72481,0.40108,0.98061,0.94044,0.05503,0.81514,0.7884,0.56675,0.72417,0.32288,0.75807,0.37095,0.87164,0.99184,0.60191,0.95873,0.97824,0.59961,0.075902,-0.0059046,0.3316,0.22642,0.8444,0.92133,0.83246,0.7382,0.81925,0.3445,0.42658,0.50964,0.18133,0.53468,0.23062,0.22232,0.78933,0.95819,0.77521,0.27168,0.014037,0.33245,0.5902,0.0050062,0.86993,0.62948,0.21971,0.43117,0.52065,0.52505,0.0032613,0.286,0.75606,0.96888,0.87109,0.94441,0.97971,0.92633,0.99094,0.96995,0.74042,0.58696,0.56914,0.9298,0.026549,0.46549,0.8709,0.24467,0.34397,0.63394,0.040726,0.82426,0.87463,0.10734,0.041537,0.26684,0.95072,0.71541,0.91951,0.51347,0.97202,0.95134,0.42449,0.95024,0.81041,0.77585,0.94,0.49595,0.67744,0.0030644,0.62788,0.78861,0.5462,0.43273,0.24498,-0.0012484,-0.00015133,0.70151,0.90629,0.86919,0.60266,0.74674,0.92471,0.98205,0.92526,0.72274,-7.4304e-06,0.76151,0.35829,0.22204,0.0003913,0.2951,0.44946,0.51003,0.81524,0.052914,0.67247,0.017474,0.49213,0.3451,0.0051541,0.27812,-0.023717,0.028719,0.69543,0.79987,0.60431,0.17653,0.038156,0.24784,0.46104,0.40148,0.56377,-0.0030801,0.23893,0.33421,0.030524,0.4258,0.71277,0.87423,-0.0054556,0.63964,0.33418,0.40238,0.32885,0.0028378,0.42313,0.33181,0.91659,0.61508,0.27677,0.70874,0.1799,0.59211,0.60624,0.65014,0.014298,0.31458,0.3571,0.77302,0.19192,0.91128,0.38594,0.30073,0.85483,0.97244,0.83535,0.60023,0.97717,0.31831,0.62838,0.7392,0.9037,0.86171,0.95952,0.76849,0.98248,0.8741,0.16287,0.98518,0.98321,0.08526,0.88894,0.90066,0.91028,0.93846,0.92009,0.96478,0.8737,0.96942,0.0033939,0.93752,0.98615,0.98142,0.92871,0.97449,0.9069,0.063273,0.97718,0.94505,0.99341,0.63042,0.91157,0.87642,0.9865,0.73208,0.97948,0.93999,0.72448,0.86102,0.76976,0.89456,0.43939,0.23781,0.93629,0.85629,0.9908,0.39185,0.42332,0.97583,0.93623,0.97843,0.92518,0.98943,0.85031,0.64489,0.97928,0.90953,0.99194,0.70498,0.9758,0.45878,0.98886,0.62323,0.08644,-0.0027562,0.92738,0.34731,0.98707,0.94646,0.26104,0.88427,0.98411,0.1522,0.9491,0.9822,0.96511,0.93014,0.64072,0.89308,0.96708,0.96822,0.018292,0.57446,0.84282,0.67927,0.63276,0.04914,0.23198,0.73572,0.65958,0.97038,0.98901,0.97941,0.97885,0.99122,0.14816,0.28952,0.0058011,0.28877,0.57313,0.49147,0.99051,0.5094,0.99106,0.26054,0.78815,0.97021,0.61225,0.96268,0.92868,0.93321,0.95047,0.98432,0.98949,0.76852,0.97367,0.12115,0.87903,0.98963,0.28286,0.43727,-0.0014407,0.013344,0.028897,0.17368,0.81653,0.97778,0.75195,0.98471,0.97444,0.01032,0.98375,0.89583,0.96826,0.86095,0.98135,0.83607,0.95505,0.93298,0.86185,-0.48357,0.0063807,0.78205,0.89185,0.26298,0.70027,0.92825,0.067697,0.34598,0.89208,0.82839,0.33481,0.81674,0.94171,0.88617,0.80491,0.94539,0.93518,0.50049,0.95644,0.92893,0.94806,0.88736,0.19664,0.69948,0.39319,0.6718,0.82777,0.83482,0.038015,0.96039,2.8746e-06,0.97087,0.91698,0.38192,0.84481,0.8887,0.93224,0.072745,0.20676,0.86389,0.32154,0.92295,0.38879,0.55546,0.75939,0.50441,0.74606,0.56169,0.39629,0.83,0.22955,0.016817,0.0035797,0.57344,0.50892,0.49576,0.77858,0.73854,0.013545,0.94716,0.7286,0.85752,0.74324,0.81302,0.55343,0.70216,-0.00014132,0.40619,0.95713,0.98687,0.98232,0.8392,0.56834,0.89256,0.94469,0.80112,0.96823,0.64195,0.95064,0.96833,0.40978,0.95361,0.91583,0.97479,0.97868,0.48583,0.95422,0.75708,0.79166,0.98117,0.47301,0.12018,0.98763,0.96143,0.89579,0.99271,0.97879,0.9454,0.40261,0.40485,0.35,-0.00099285,0.73155,0.16657,0.82292,0.94704,0.98133,0.90601,0.59854,0.96048,0.88076,0.98876,0.55368,0.98155,0.96972,0.97706,0.98807,0.77789,0.87484,0.98978,0.69658,0.955,0.84623,0.97189,0.95914,0.90063,0.12012,0.64226,0.94669,0.08764,0.88094,0.88872,0.98126,0.98318,0.84159,0.11769,0.71679,0.97344,0.98,0.82719,0.73506,0.95342,0.92524,0.96204,0.85851,0.90617,0.69461,0.99173,0.80503,0.26899,0.83463,0.90853,0.9208,0.911,0.77185,0.98969,0.78088,0.9352,0.90056,0.93426,0.77049,0.62326,0.96279,0.95547,0.97871,0.47628,0.97591,0.97179,0.99029,0.87659,0.97326,0.90854,0.9871,0.16151,0.75017,0.94566,0.67851,0.98162,0.77418,0.97901,0.69123,0.87245,0.7121,0.78298,0.43911,0.35782,0.70558,0.7063,0.0049017,0.96819,0.96094,0.77977,0.98387,0.97956,0.95629,0.97423,0.3204,0.015646,0.5573,0.96939,0.97392,0.97665,0.9223,0.37786,0.90063,0.7341,0.71832,0.079931,0.85048,0.4695,0.86284,0.86746,0.98004,0.58614,0.40964,0.013996,0.92635,0.77049,0.902,0.86043,0.59279,0.91079,0.95072,0.64657,0.95376,0.66047,0.94913,0.91497,0.74249,-7.6371e-05,0.81771,0.8822,0.76904,0.93651,0.98889,0.96509,0.6472,0.19707,-0.00021655,0.81102,0.74966,0.93802,0.80661,0.98478,0.80928,0.82409,0.82301,0.86178,0.98378,0.90809,0.9458,0.98008,0.97944,0.91014,0.92455,0.96479,0.36617,0.86203,0.95156,0.91481,0.96214,0.37906,0.93025,0.92759,0.96126,0.97942,0.37686,0.7564,0.79033,0.6036,0.93037,0.97132,0.29153,-0.010697,0.36326,0.3042,0.9426,0.33986,0.84038,0.72094,0.91438,0.93672,0.94486,0.91563,0.48043,0.4447,0.045934,0.43189,0.11254,0.45938,0.82917,0.17663,0.13343,0.75729,0.63041,0.88987,0.74499,0.6964,0.022452,0.70619,0.02089,0.50731,0.64555,0.61936,0.34735,0.23402,0.71515,0.018834,0.80298,0.20534,0.80645,0.84863,0.6791,0.65968,0.6231,0.95299,0.50031,0.97422,0.093419,0.73936,0.93712,0.72064,0.70566,0.79817,0.80449,0.98319,0.98502,0.24667,0.85179,0.96584,0.97576,0.074342,0.13853,0.54115,0.78659,0.88548,0.01236,0.92137,0.14894,0.00269,0.17443,0.69029,0.19154,0.56837,0.97003,0.98001,0.94196,0.52927,0.96797,0.50182,0.9455,0.41508,0.9417,0.91451,0.86307,0.93348,0.77327,0.91234,0.72875,0.68446,0.50195,0.56688,0.11257,0.65816,0.96968,0.95967,0.85492,0.9285,0.74381,0.85882,0.98475,0.75768,0.25463,0.031968,0.73019,0.003133,-0.032707,0.9452,0.53972,0.50851,0.48773,0.59542,0.56375,0.5914,0.5437,0.32144,0.18484,0.27032,0.65877,0.50715,0.65611,0.11853,0.8702,0.3279,0.31917,0.0067235,0.17637,0.46859,0.23782,0.094431,0.26262,0.86339,0.064753,0.3204,0.81642,0.87232,0.092635,0.022456,0.38445,0.00027718,0.3353,0.54739,0.0093362,0.8045,0.80444,0.046871,0.50029,0.032495,0.29095,0.054733,0.86461,0.1685,0.0021221,0.27303,0.023428,0.039079,0.27946,0.88603,0.80361,0.65606,0.64061,0.90373,0.010703,0.95994,0.89109,0.40998,0.80821,0.55383,0.94531,0.26367,0.55115,0.98743,0.9239,0.91331,0.87486,0.98696,0.97179,0.78328,0.91238,0.81682,0.97524,0.97941,0.90838,0.93472,0.027913,0.94655,0.98221,0.98285,0.99103,0.9782,0.4887,0.67518,0.89248,0.98171,0.98695,0.99388,0.99271,0.90574,0.57753,0.95316,0.99468,0.99377,0.99078,0.98736,0.99275,0.99285,0.99381,0.99357,0.89701,0.99475,0.99474,0.9148,0.99454,0.97663,0.32741,0.92438,0.90742,0.96924,0.98452,0.97029,0.95612,0.99118,-1.2539e-05,0.89812,0.90803,0.037425,0.93343,0.074901,0.37807,0.94395,0.90581,0.99088,0.90612,0.9814,0.954,0.97271,0.98959,0.99181,0.93999,0.96081,0.97212,0.98512,0.989,0.99071,0.99061,0.66669,0.95113,0.85338,0.90747,0.99272,0.97415,0.98157,0.95851,0.89288,0.9726,0.57865,0.93753,0.99272,0.83714,0.96328,0.98736,0.96969,0.022933,0.87712,0.80414,0.97457,0.086573,0.34618,0.99354,0.98779,0.99207,0.98479,0.98357,0.98967,0.94186,0.99083,0.99067,0.97321,0.95026,0.94866,0.99428,0.9936,0.99267,0.30454,0.54834,0.82968,0.7706,0.99133,0.9597,0.94812,0.95538,0.92133,0.97951,0.98639,0.9674,0.99391,0.97454,0.99003,0.88622,0.05507,0.42237,0.81515,0.57681,0.83005,0.76681,0.95416,0.36951,0.52479,0.97915,0.9782,0.98484,0.85794,0.97755,0.97176,0.97116,0.70651,0.98891,0.99457,0.9946,0.51091,0.99221,0.97935,0.98231,0.9795,0.99339,0.92359,0.45038,0.96649,0.49998,0.97576,0.87825,0.98493,0.8746,0.88742,0.99105,0.90294,0.98657,0.92329,0.83954,0.0148,0.080269,0.92947,0.9917,0.97357,0.19372,0.25634,0.85795,0.98356,0.99225,0.98723,0.89045,0.99449,0.99304,0.98661,0.9747,0.95317,0.88777,0.98538,0.95629,0.96804,0.98499,0.79518,0.9557,0.47418,-0.004021,0.1393,0.98768,0.65156,0.94038,0.53442,0.9434,0.98641,0.99084,0.97849,0.959,0.98263,0.98693,0.23886,0.9945,0.9895,0.99324,0.90344,0.84074,0.93189,0.94872,0.98403,0.96092,0.70919,0.98459,0.99191,0.98417,0.97815,0.83574,0.97904,0.99242,0.97962,0.9932,0.99201,0.99389,0.99443,0.98702,0.88797,0.35454,0.9948,0.98742,0.99226,0.97753,0.99446,0.99398,0.89188,0.99327,0.99316,0.97656,0.97588,0.99067,0.98567,0.51847,0.98609,0.86946,0.9713,0.042006,0.62487,0.99389,0.93803,0.91448,0.65001,0.99233,0.90589,0.9864,0.69443,0.98988,0.93249,0.9764,0.99356,0.98852,0.98719,0.98896,0.98801,0.99476,0.98924,0.79798,0.7868,0.98505,0.98855,0.99132,0.91275,0.99295,0.96472,0.89074,0.99249,0.89662,0.97547,0.98487,0.98178,0.95977,0.58937,0.94297,0.98984,0.99239,0.83418,0.98205,0.8143,0.95175,0.80819,0.93711,0.75304,0.94323,0.98325,0.87183,0.99456,0.99204,0.94253,0.7881,0.85573,0.99341,0.97296,0.94954,0.19881,0.96294,0.97024,0.99111,0.99376,0.84711,0.9838,0.80475,0.98355,0.91006,0.99344,0.84158,0.98614,0.99336,0.98924,0.98709,0.0015466,0.99446,0.92029,0.98805,0.93733,0.7978,0.93803,0.98853,0.78809,0.87573,0.99353,0.94257,0.99126,0.99411,0.12519,0.81434,0.76638,0.98683,0.57217,0.69292,0.75454,0.98665,0.98796,0.99372,0.9822,0.98504,0.97458,0.98969,0.9752,0.82774,0.99032,0.98783,0.93429,0.092122,0.98589,0.99462,0.94384,0.83551,0.70667,0.99099,0.99241,0.98778,0.99291,0.98197,0.9899,0.86006,0.98893,0.9561,0.93722,0.99366,0.99153,0.65986,0.98958,0.99328,0.95981,0.99376,0.97827,0.97518,0.99149,0.87781,0.9799,0.81703,0.93713,0.9907,0.88271,0.99134,0.71588,0.95369,0.93189,0.9855,0.96005,0.9917,0.9936,0.99389,0.98585,0.95734,0.994,0.99113,0.98199,0.24406,0.99304,0.98399,0.88032,0.95225,0.87843,0.99247,0.99229,0.99398,0.99052,0.98166,0.96454,0.88455,0.99353,0.95314,0.99443,0.99468,0.98849,0.94969,0.94921,0.9949,0.99034,0.99463,0.99458,0.99424,0.95745,0.88216,0.99266,0.94823,0.99251,0.99212,0.99491,0.98878,0.99103,0.9946,0.98482,0.9647,0.95826,0.17976,0.99444,0.98882,0.99472,0.99357,0.97992,0.97723,0.99273,0.99472,0.99261,0.92436,0.99319,0.98841,0.98809,0.9934,0.99423,0.83661,0.98498,0.96825,0.64005,0.99481,0.9923,0.95312,0.9781,0.99138,0.98739,0.99486,0.99371,0.99346,0.98275,0.99329,0.98805,0.99345,0.89122,0.99295,0.98739,0.8769,0.84679,0.99405,0.99154,0.99333,0.98717,0.76493,0.99445,0.15356,0.99482,0.99456,0.99201,0.99471,0.99484,0.994,0.99245,0.99387,0.98125,0.94398,0.99477,0.99451,0.98508,0.99472,0.99451,0.46447,0.99102,0.98641,0.97543,0.99437,0.9899,0.99244,0.98949,0.99379,0.92451,0.98767,0.9948,0.99413,0.99296,0.83445,0.77825,0.93722,0.99404,0.98169,0.99307,0.98341,0.12956,0.47413,0.99128,0.99362,0.9869,0.94974,0.98831,0.90467,0.98848,0.85408,0.92014,0.97673,0.99356,0.98783,0.96636,0.0010214,0.87404,0.98358,0.95919,0.99398,0.93755,0.88635,0.64641,0.99172,0.98175,0.98849,0.98312,0.91327,0.98768,0.99169,0.98468,0.9826,0.80989,0.97348,0.99404,0.99179,0.83288,0.91597,0.98067,0.066004,0.99359,0.99267,0.72961,0.9569,0.98926,0.99311,0.37943,0.89733,0.99378,0.99035,0.98622,0.98233,0.99345,0.97991,0.92276,0.99483,0.99415,0.95947,0.99424,0.99474,0.7115,0.98431,0.83031,0.99379,0.98762,0.96273,0.95169,0.079789,0.51309,0.93976,0.66768,1.4633e-05,0.99098,0.77888,0.96092,0.98492,0.99256,0.0042497,0.92783,0.99191,0.97618,0.97917,0.79864,0.99094,0.98425,0.99447,0.99384,0.98889,0.99314,0.95474,0.9348,0.32938,0.24578,0.97188,0.96799,0.058461,0.97515,0.98709,0.95368,0.93883,0.95958,0.58438,0.43324,0.94814,0.95069,0.4042,0.98314,0.50893,0.70575,0.94208,0.93203,0.86786,0.91255,0.91236,0.96522,0.32038,0.99233,0.86641,0.10881,0.50336,0.58813,0.98746,0.53133,0.88292,0.9136,0.92353,0.94307,0.96162,0.97371,0.99321,0.98169,0.97838,0.66411,0.89451,0.98976,0.88451,0.96167,0.89416,0.46804,0.9689,0.98518,0.98997,0.98797,0.97198,0.6065,0.95603,0.71038,0.9203,0.99067,0.93033,0.84374,0.99387,0.87214,0.94147,0.95586,0.89411,0.9496,0.73333,0.96115,0.98778,0.93827,0.048889,0.32025,0.30358,0.99284,0.99153,0.89115,0.78758,0.53997,0.74666,0.87817,0.98137,0.057455,0.98694,-0.0012047,0.79823,0.97523,0.76505,0.98415,0.97558,0.99122,0.87954,0.92006,0.9445,0.97449,0.80068,0.97997,0.95654,0.75243,0.95572,0.9639,0.88256,0.94612,0.75688,0.811,0.73004,0.93595,0.85739,0.44854,0.9829,0.58217,0.94144,0.93241,0.94198,0.92265,0.7922,0.84176,0.97863,0.83097,0.34425,0.18466,0.8915,0.97468,0.87052,0.47564,0.85409,0.86301,0.8305,0.35346,0.71045,0.95708,0.69618,0.88853,0.95739,0.92464,0.38243,0.31888,0.94587,0.89372,0.86269,0.68233,0.14556,0.99045,0.91999,0.58284,0.97815,0.88811,0.96519,0.97166,0.95064,0.55824,0.80896,0.8605,0.93013,0.89769,0.881,0.69092,0.60618,0.80448,0.86776,0.76963,0.97517,0.85558,0.84003,0.54719,0.50741,0.94804,0.80507,0.99111,0.80126,0.8523,0.96864,0.28366,0.86153,0.98413,0.97044,0.9701,0.8619,0.017058,0.88579,0.95397,0.91136,0.40728,0.88416,0.98014,0.10827,0.97303,0.43018,0.66486,0.99317,0.98941,0.92598,0.8089,0.89639,0.99404,0.97874,0.98641,0.84876,0.35137,0.92568,0.87893,0.28547,0.96724,0.9391,0.9851,0.99068,0.98955,0.011514,0.68333,0.98923,0.95466,0.84362,0.98562,0.78197,0.99135,0.93355,0.95161,0.95928,0.93898,0.8721,0.66686,0.8374,0.11219,0.98726,0.35382,0.97828,0.96812,0.86234,0.91577,0.73382,0.95095,0.98569,0.99394,0.88771,0.98919,0.99134,0.97878,0.9932,0.81423,0.85587,0.96455,0.03906,0.94693,0.66462,0.045971,0.96226,0.99116,0.57943,0.44006,0.99105,0.92785,0.99,0.011523,0.85614,0.89268,0.071311,0.016453,0.79465,0.81001,0.97633,0.85375,0.95324,0.98927,0.98261,0.63369,0.9664,0.9546,0.64173,0.91763,0.9744,0.9735,0.98501,0.9111,0.94676,0.80693,0.98938,0.3318,0.94716,0.83341,0.99003,0.98817,0.9849,0.98734,0.92457,0.98987,0.70895,0.97445,0.74871,0.90241,0.9251,0.96061,0.96481,0.97598,0.9213,0.97031,0.28039,0.4562,0.013733,0.076569,0.96467,0.95388,0.86391,0.90149,0.96207,0.95488,0.95031,0.69153,0.36642,0.93843,0.47507,0.17546,0.95251,0.9728,0.51535,0.94777,0.7195,0.98785,0.90146,0.97985,0.23125,0.95627,0.96225,0.63417,0.90271,0.98515,0.97928,0.875,0.61668,0.88663,0.90335,0.99314,0.9786,0.84532,0.8242,0.9804,0.96133,0.54839,0.96451,0.98907,0.9764,0.57548,0.95719,0.9812,0.86965,0.81439,0.77563,0.95773,0.95376,0.71133,0.9653,0.6232,0.98374,0.94098,0.98647,0.98595,0.93005,0.97763,0.72462,0.26144,0.84091,0.96219,0.99046,0.99144,0.95384,0.92343,0.83124,0.92294,0.80077,0.75949,0.97248,0.51547,-0.004204,0.97851,0.99381,0.91975,0.98805,0.97107,0.94243,0.93635,0.95368,0.99432,0.90977,0.95388,0.9837,0.87847,0.96967,0.86786,0.99302,0.90045,0.99415,0.95024,0.96642,0.96548,0.96774,0.9796,0.96586,0.55318,0.98154,0.43656,0.98423,0.97727,0.97712,0.99334,0.54381,0.31416,0.98992,0.043346,0.96661,0.8882,0.91293,0.98189,0.90829,0.98628,0.98245,0.016518,0.97281,0.98707,0.45852,0.98855,0.83449,0.92046,0.99135,0.99056,0.99463,0.85643,0.97955,0.97227,0.90763,0.98683,0.89381,0.93027,0.66582,0.96535,0.23046,0.85713,0.9943,0.99067,0.98055,0.9943,0.98181,0.99339,0.97914,0.98789,0.98998,0.98598,0.61981,0.99433,0.98606,0.97274,0.99017,0.96961,0.32968,0.99402,0.99327,0.99056,0.98054,0.9945,0.96516,0.98607,0.9693,0.68044,0.99465,0.99134,0.96252,0.94623,0.99288,0.93983,0.99145,0.99076,0.99073,0.90462,0.98306,0.96589,0.66845,0.99337,0.98155,0.97348,0.93713,0.76815,0.96259,0.86011,0.8902,0.88841,0.9916,0.88923,0.98138,0.98957,0.95732,0.90569,0.60199,0.99343,0.76415,0.96085,0.81329,0.82872,0.97022,0.97267,0.97655,0.98937,0.8907,0.7786,0.90933,0.86067,0.89937,0.98796,0.96935,0.89333,0.96554,0.66695,0.98844,0.14245,0.079982,0.96756,0.4267,0.90568,0.73823,0.51938,0.75373,0.18398,0.65169,0.53777,0.1148,0.96035,0.77595,0.97643,0.89448,0.93584,0.87868,0.38458,0.51042,0.98087,0.91044,0.96006,0.30073,0.80263,0.93179,0.8998,0.92896,0.94626,0.66727,0.9073,0.9441,0.89823,0.77908,0.97014,0.50996,0.86902,0.99013,0.96772,0.97662,0.9485,0.97242,0.97437,0.27468,0.99088,0.93253,0.05581,0.98496,0.98022,0.62536,0.9938,0.97905,0.99085,0.66935,0.9732,0.95008,0.96979,0.94752,0.53887,0.95569,0.89698,0.87498,0.90008,0.45921,0.79424,0.83123,0.98452,0.95113,0.82997,0.92975,0.94619,0.96011,0.91832,0.76107,0.97456,0.97574,0.94666,0.89251,0.75407,0.94079,0.94813,0.0050707,0.46838,0.95246,0.61023,0.52013,0.10501,0.96511,0.98279,0.95134,0.96264,0.99148,0.98235,0.98702,0.030455,0.93162,0.99447,0.95788,0.99251,0.9939,0.98283,0.90802,0.98469,0.96113,0.88169,0.9212,0.49623,0.97483,0.92462,0.9212,0.95205,0.97636,0.91186,0.9682,0.97753,0.83271,0.90926,0.96477,0.85553,0.34244,0.76385,0.97885,0.85155,0.97248,0.90473,0.5122,0.86179,0.83889,0.91907,0.97341,0.76914,0.98198,0.94579,0.84586,0.88446,0.89779,0.086911,0.94656,0.94562,0.6413,0.63814,0.5967,0.88824,0.88545,0.96718,0.89442,0.93709,0.92105,0.98258,0.96456,0.98146,0.96563,0.55968,0.90937,0.94781,0.9123,0.80996,0.94385,0.98835,0.67249,0.96041,0.86903,0.96911,0.99029,0.91555,0.22911,0.92449,0.97393,0.64696,0.96845,0.81426,0.32512,0.98847,0.8772,0.82641,0.44595,0.91139,0.71602,0.072687,0.96659,0.74673,0.80741,0.92093,0.8927,-0.0074183,0.63814,0.010811,0.95149,0.69208,0.75609,0.54485,0.91757,0.41012,0.85321,0.80391,0.12523,0.22531,0.72401,0.24585,0.7429,0.0011153,0.89351,0.95671,0.89088,0.68366,0.21996,0.85304,0.69147,0.94567,0.91275,0.54416,0.89131,0.51409,0.68909,0.77415,0.95603,0.81311,0.16913,0.79584,0.084387,0.94189,0.76577,0.42678,0.69408,-0.027289,0.97772,0.37083,0.73534,0.66735,0.92249,0.74296,0.070582,0.92042,0.90762,0.93822,0.89993,0.75612,0.82903,0.24014,0.87321,-0.00086769,5.093e-05,0.85838,0.0634,0.95396,0.76101,0.80939,-0.00217,0.90036,0.89864,0.35085,0.71786,0.3138,0.87466,0.68515,0.75568,0.42703,0.59279,0.69769,0.068088,0.77292,0.68082,0.91937,0.72223,0.94243,0.60256,0.57216,0.85813,0.86322,0.92918,0.57957,0.53016,0.97365,0.86892,0.76696,0.5541,0.84065,0.88554,0.36027,0.64699,0.71663,0.34725,0.97673,0.93347,0.93181,0.71401,0.39237,0.92467,0.90577,0.6529,0.94569,0.011443,0.1743,0.92484,0.98245,0.83615,0.54828,0.96001,0.82335,0.87315,0.87569,0.82822,0.94545,0.96866,0.25555,0.85143,0.9541,0.15932,0.9236,0.91415,0.91853,0.98178,0.89506,0.94324,0.94956,0.98328,0.19007,0.92196,0.96567,0.97927,0.84851,0.89513,0.66,0.27254,0.97593,0.96038,0.95014,0.92785,0.91576,0.11259,0.69588,0.95823,0.96948,0.44821,0.9453,0.084489,0.86613,0.63932,0.98434,0.74941,0.70083,0.89967,0.0057222,0.82178,0.605,0.84328,0.95352,0.55883,0.9645,0.82067,0.97896,0.4425,0.05255,0.26198,0.96374,0.93271,0.79124,0.37092,0.8824,0.87935,0.40264,0.92576,0.95633,0.97787,0.96316,0.88325,0.83976,0.98696,0.83288,0.62582,0.9772,0.92134,0.98859,0.87646,0.0164,0.95528,0.96813,0.97087,0.96565,0.98379,0.8615,0.14329,0.98863,0.98886,0.53288,0.9114,0.46893,0.94434,0.95512,0.60763,0.9434,0.63328,0.052152,0.88644,0.12729,-0.0034818,0.97348,0.91322,0.56061,0.82466,0.90477,0.97552,0.17477,0.86981,0.34896,0.93991,0.36637,0.79441,0.94244,0.95442,0.68452,0.6762,0.93232,0.94915,0.50844,0.97413,0.97602,0.94787,0.62402,0.9581,0.97166,0.95373,0.83722,0.9751,0.96856,0.94445,0.98006,0.041679,0.22301,0.30296,-0.025883,0.34433,0.97039,0.98347,0.42051,0.35109,0.98529,0.97965,0.44706,0.94536,0.9285,0.23993,0.89067,0.49836,0.9391,0.92667,0.92836,0.92808,0.85469,0.69355,0.41719,0.96544,0.95878,0.95108,0.92058,0.49913,0.47181,0.42341,0.053712,0.83053,0.93721,0.68362,0.8787,0.23116,0.9679,0.94925,0.93246,0.89492,0.97119,0.84495,0.9047,0.91455,0.9805,0.96867,0.98478,0.90404,0.77749,0.069122,0.98246,0.72997,0.01228,0.80787,0.94107,0.94479,0.66876,0.69754,0.75924,0.91638,0.93422,0.94188,0.12553,0.91037,0.9237,0.10701,0.97146,0.98084,0.9648,0.93673,0.75676,0.28332,-0.0014816,0.95015,0.98327,0.94501,0.93972,0.96428,0.89636,0.77205,0.76302,0.97748,0.73162,0.9044,0.14139,0.92248,0.9009,0.43788,0.98064,0.68935,0.95359,0.4023,0.94171,0.95099,0.001742,0.90874,7.3512e-05,0.9792,0.98973,0.93976,0.82046,0.95906,0.97973,0.94947,0.80755,0.91758,0.13884,0.94407,0.72068,0.006164,0.88227,0.54378,0.9412,0.70997,0.2806,0.88151,0.98233,0.98563,0.87657,0.97523,0.95422,0.98265,0.98677,0.98539,0.80466,0.49875,0.78162,0.99213,0.98148,0.98133,0.96281,0.28199,0.76685,0.48806,0.8395,0.84738,0.9877,0.87851,0.97005,0.23342,0.90325,0.98387,0.97158,0.97124,-0.0014825,0.92869,0.72092,0.70737,0.79948,0.97368,0.56629,0.95892,0.89592,0.3233,0.50408,0.96806,0.35664,0.84779,0.98171,0.93598,0.88619,0.61602,0.69197,0.82849,0.45776,0.97659,0.94383,0.98757,0.80517,0.82173,0.045139,0.2235,0.87153,0.72865,0.96512,0.42824,0.98817,0.97737,0.37892,0.84402,0.80329,0.85146,0.87107,0.96596,0.69955,0.96042,0.64772,0.024979,0.90066,0.52623,0.94639,0.39687,0.81007,0.91169,0.90086,0.89741,0.93301,0.57267,0.83037,0.86305,0.80729,0.56806,0.96674,0.96555,0.74917,0.93829,0.9079,0.9623,0.76721,0.98799,0.71214,0.96077,0.53282,0.76559,0.96265,0.95574,0.91739,0.85314,0.9043,0.44778,0.97953,0.96099,0.9411,0.97292,0.22157,0.56091,0.97846,0.90496,0.029214,0.85577,0.93256,0.73767,0.966,0.94335,0.98151,0.031194,0.44648,0.85153,0.34032,0.98015,0.98766,0.56763,0.82205,0.97309,0.061965,0.76967,0.9208,0.74576,0.097008,0.67838,0.84481,0.92114,0.54242,0.98797,0.94117,0.65501,0.12842,0.93453,0.81317,0.8316,0.75292,0.97077,0.9383,0.52789,0.55885,0.78299,0.99256,0.97969,0.80633,0.78199,0.73581,0.77855,0.56721,0.16598,0.74739,0.97575,0.92093,0.89137,0.97739,0.98795,0.98168,0.85514,0.93121,0.95068,0.99337,0.98901,0.93192,0.94788,0.11293,0.86363,0.79976,0.33778,0.00049152,0.97388,0.68438,0.98479,0.18841,0.96696,0.86744,0.9868,0.94823,0.64057,0.68465,0.92782,0.98462,0.87629,-0.0042215,0.96147,0.97693,0.96393,0.65918,0.96783,0.22324,0.95224,0.70748,0.92886,0.89468,0.97237,0.97486,0.97105,0.94455,0.70336,0.21085,0.89326,0.95679,0.98653,0.9837,0.98633,0.87595,0.93761,0.98543,0.98818,-0.002763,0.96933,0.82818,0.16465,0.98639,0.97333,0.91627,0.98742,0.94055,0.9696,0.9803,0.70662,0.92399,0.053228,0.93115,0.89034,0.82698,0.79065,0.99047,0.85424,0.98469,0.98159,0.95512,0.76964,0.80557,0.97856,0.17897,0.93116,0.95785,0.98317,0.75805,0.94051,0.81938,0.77804,0.055235,0.88727,0.97623,0.84874,0.98356,0.38055,0.98325,0.81262,0.90206,0.89638,0.82403,0.9851,0.94245,0.97906,0.94463,0.9255,0.92674,0.27954,0.98511,0.84758,0.94421,0.2129,0.91179,0.49664,0.50912,0.72515,0.94232,0.080838,0.2419,-0.024926,0.99162,0.87272,0.97052,0.80174,0.9297,0.8245,0.59165,0.39602,0.89578,0.76911,0.49859,0.8273,0.61398,0.75739,0.00056846,0.00024803,0.68373,0.88921,0.85534,0.85106,0.87176,0.97431,0.97246,0.83698,0.38399,0.44588,0.99039,0.83636,0.64225,0.91016,0.93836,0.96876,0.69002,0.90165,0.10011,0.30595,0.89764,0.83325,0.99386,0.96021,0.97466,0.74066,0.97483,0.84647,0.93187,0.58906,0.72319,0.65537,0.97565,0.84818,0.98418,0.95393,0.94729,0.88753,0.65471,-0.00065347,0.78204,0.75281,0.80688,0.69323,0.95466,0.269,0.94556,0.67999,0.76936,0.98643,0.93419,-0.29563,0.93819,0.95914,0.97185,0.87657,0.92588,0.99064,0.96906,0.94462,0.39275,0.96967,0.97995,0.96099,0.9214,0.67553,0.905,0.08869,0.9706,0.91947,0.66313,0.90926,0.92363,0.382,0.95883,0.94947,0.72998,0.74177,0.96907,0.88807,0.94937,0.78539,0.94822,0.94875,0.84082,0.97696,0.87774,0.3474,0.92087,0.29285,0.93453,0.9908,0.79989,0.033627,0.89903,0.082584,0.98811,0.78233,0.83457,0.90394,0.95447,0.79013,0.92318,0.16532,0.8629,0.70007,0.91833,0.95327,0.25408,0.97641,0.45042,0.75271,0.92487,0.96826,0.45381,0.87437,0.80293,0.97246,0.54369,0.91047,0.82491,0.91837,0.77477,0.94901,0.9734,0.016693,0.98139,0.39008,0.96151,0.95876,0.97666,0.45267,0.068116,0.88652,0.76588,0.99285,0.95986,0.98761,0.98261,0.96819,0.9047,0.75133,0.98396,0.86548,0.81862,0.53304,0.93963,0.92565,0.28918,0.72982,0.84516,0.96313,0.90638,0.63465,0.80674,0.0785,0.85119,0.85053,0.8731,0.9693,0.97473,0.96181,0.72462,0.95336,0.39095,0.98104,0.773,0.44499,0.87668,0.91121,0.95454,0.73424,0.9073,0.94165,0.94312,0.18519,0.311,0.99016,0.23174,0.97428,0.69605,0.98231,0.97451,0.17827,0.98107,0.98415,0.92431,0.77724,0.52564,0.10163,0.98055,0.95608,0.97799,0.87078,0.020472,0.9924,0.98737,0.22722,0.97081,0.79177,0.98681,0.99032,0.026376,0.7618,0.85452,0.96503,0.73736,0.95103,0.98184,0.98728,0.96101,0.93677,0.95379,0.92911,0.98022,0.96951,0.96082,0.41828,0.88283,0.46617,0.069122,0.94334,0.68713,0.99065,0.75465,0.8906,0.94339,0.96182,0.67598,0.81104,0.98645,0.83556,0.88289,0.94955,0.78619,0.92493,0.82362,0.80209,0.98478,0.98046,0.95485,0.87191,0.9787,0.15268,0.96419,0.94022,0.98122,0.99032,0.9474,0.96274,0.26638,0.94356,0.93225,0.88982,0.78863,0.98085,0.97972,0.88626,0.98453,-0.0010557,0.9652,0.82186,0.88737,0.064526,0.92978,0.93479,0.22833,0.9908,0.98099,0.83833,0.40753,0.83367,0.95429,0.87039,0.70367,0.92549,0.89257,0.9764,0.95735,0.93749,0.68361,0.65863,0.98901,0.8944,0.9406,0.93928,0.98656,0.83777,0.97389,0.97273,0.38276,0.87354,0.93667,0.34075,0.8608,0.98709,0.95191,0.97875,0.97006,0.96864,0.9617,0.94318,0.93161,0.82687,0.93558,0.9623,0.89002,0.91144,0.94669,0.85181,0.78338,0.42777,0.92916,0.91735,0.98401,0.76122,0.9889,0.56023,0.74566,0.078657,0.050486,0.21695,0.77357,0.55201,0.9703,0.86438,0.98129,0.98823,0.93984,0.88122,0.95334,0.93312,0.91008,0.94158,0.88579,0.95852,0.60741,0.80368,0.98017,0.94056,0.73923,0.97513,0.76189,0.83374,0.98337,0.98158,0.97134,0.74098,0.98339,0.17448,0.98996,0.84501,0.96948,0.97576,0.81662,0.91606,0.61445,0.96123,0.88104,0.9168,0.52669,0.97364,0.97188,0.90978,0.13141,0.95913,0.80052,0.53665,0.94923,0.97576,0.96809,-0.010122,0.94167,0.64685,0.97824,0.1843,0.96721,0.72417,0.81046,0.7782,0.97871,0.96456,0.96272,0.98157,0.9803,0.91278,0.041598,0.80226,0.98335,0.16424,0.97985,0.9794,0.99239,0.62653,0.96551,0.48906,0.98182,0.95717,0.40048,2.3824e-05,0.98259,0.91425,0.93982,0.98282,0.47161,0.95853,0.84177,0.97255,0.33091,0.96712,0.98859,0.4563,0.8094,0.98181,0.61615,0.9417,0.71747,0.94864,0.96686,0.9362,0.96172,0.76201,0.36056,0.96742,0.90785,0.7523,0.95539,0.97419,0.96955,0.92985,0.98831,0.98699,0.94371,0.95852,0.85238,0.80868,0.83552,0.37668,0.959,0.47012,0.84436,0.87402,0.40607,0.89429,0.9865,0.79809,0.24732,0.98299,0.93732,0.97421,0.92738,0.94778,0.95437,0.84515,0.012247,0.9315,0.88467,0.76689,0.97112,-0.0004204,0.20216,0.89846,0.98375,0.93707,0.98104,0.96654,0.043566,0.98237,0.87117,0.61191,0.95365,0.96333,0.99142,0.96371,0.0042624,0.95241,0.97386,0.57393,0.99264,0.95014,0.67377,0.94394,0.95801,0.98866,0.95621,0.80147,0.96011,0.97445,0.72793,0.85872,0.98238,0.9508,0.58847,0.93649,0.68288,0.97674,0.96636,0.78534,0.97937,0.97578,0.90848,0.98085,0.97801,0.8104,0.73771,0.87799,0.92169,0.96133,0.96284,0.92071,0.96816,0.93389,0.97305,0.99151,0.89455,0.95383,0.69592,0.92728,0.50533,0.97251,0.53791,0.33024,0.83904,0.83661,0.44665,0.91178,0.98267,0.95058,0.79392,0.97104,0.96293,0.9815,0.98902,0.81738,0.9578,0.98708,0.95901,0.078429,0.051161,0.94043,0.85967,0.87101,0.99458,0.9339,0.89304,0.92737,0.98915,0.99348,0.98214,0.89391,0.99488,0.9943,0.99407,0.98708,0.96514,0.99111,0.99307,0.94195,0.99234,0.99048,0.99475,0.98748,0.96508,0.81318,0.98844,0.98927,0.98979,0.31716,0.96631,0.96045,0.91333,0.9841,0.99138,0.99248,0.96156,0.99017,0.98057,0.9418,0.698,0.98106,0.99418,0.98371,0.96296,0.91163,0.97772,0.98462,0.98851,0.99219,0.9886,0.96965,0.6557,0.86339,0.97453,0.99475,0.9715,0.98995,0.010221,0.98711,0.28826,0.99056,0.84992,0.96127,0.73147,0.98612,0.44071,0.99329,0.99332,0.90047,0.98892,0.99172,0.99334,0.032935,0.95072,0.3816,0.95379,0.9942,0.96983,0.99439,0.99102,0.54841,0.97511,0.99218,0.99156,0.7607,0.94488,0.98567,0.56041,0.97488,0.9791,0.9803,0.99387,0.90947,0.98027,0.77048,0.99331,0.74085,0.96344,0.85201,0.82876,0.72427,0.98662,0.97403,0.96718,0.93797,0.4502,0.95154,0.8658,0.9594,0.93555,0.95095,0.75488,0.93121,0.11535,0.37155,0.86052,0.55307,0.76757,0.95835,0.92959,0.40407,0.84565,0.98735,0.54837,0.9892,0.89959,0.97149,0.5586,0.81705,0.99356,0.96306,0.61738,0.97401,0.83878,0.016212,0.68061,0.99015,0.96548,0.86801,0.8155,0.93702,0.96929,0.97046,0.96667,0.90049,0.13098,0.93673,0.48777,0.96268,0.95184,0.98917,0.98233,0.86706,0.99066,0.42121,0.27602,0.75383,0.87223,0.46733,0.67729,0.92692,0.9489,0.95965,0.6824,0.96006,0.99421,0.99335,0.99251,0.98522,0.90651,0.66685,0.98687,0.66109,0.77762,0.33308,0.97402,0.79473,0.89428,0.92225,0.99352,0.95576,0.26039,0.88103,0.88006,0.97958,0.99028,0.99016,0.90963,0.97175,0.99355,0.99092,0.44622,0.99009,0.8663,0.9305,0.92522,0.94378,0.71895,0.92559,0.98132,0.94467,0.975,0.93144,0.85918,0.34157,0.82491,0.73805,0.98582,0.92891,0.99262,0.70444,0.40003,0.83338,0.96546,0.94502,0.94375,0.9834,0.55768,0.97127,0.99322,0.96435,0.93204,0.9932,0.20984,0.92236,0.65027,0.10664,0.96526,0.98664,0.95659,0.96319,0.91398,0.48776,0.48107,0.71154,0.96123,0.93017,0.8459,0.99406,0.98391,0.67119,0.99463,0.24006,0.98368,0.056251,0.9915,0.94132,0.96307,0.99014,0.30849,0.96306,0.99179,0.91234,0.75223,0.99474,0.98639,0.90937,0.93431,0.99396,0.95944,0.96004,0.99208,0.99424,0.9945,0.97555,0.0084459,0.94654,0.99384,0.96012,0.99351,0.99277,0.99416,0.967,0.99131,0.99393,0.98419,0.34764,0.96103,0.94808,0.97437,0.99444,0.99369,0.97225,0.91387,0.52985,0.99441,0.95854,0.87215,0.98031,0.99025,0.95023,0.95932,0.98361,0.99453,0.98128,0.98948,0.97554,0.95841,0.99481,0.63476,0.99022,0.99151,0.99284,0.9479,0.94451,0.99338,0.9883,0.96346,0.98663,0.96842,0.99089,0.99042,0.24314,0.99424,0.99336,0.82977,0.99103,0.98931,0.66934,0.82426,0.98993,0.97766,0.97818,0.98443,0.99345,0.89243,0.98976,0.99429,0.96356,0.95759,0.95998,0.7338,0.99044,0.99093,0.99277,0.104,0.97389,0.99347,0.98706,0.95272,0.9915,0.99393,0.98704,0.99416,0.99431,0.24789,0.99404,0.98988,0.99114,0.7336,0.98612,0.99143,0.99401,0.9946,0.99279,0.94839,0.9909,0.93876,0.93802,0.99187,0.97892,0.79316,0.64677,0.90261,0.000108,0.88429,0.98905,0.95428,0.98531,0.99412,0.94926,0.27402,0.98636,0.99386,0.83603,0.99128,0.45751,0.93643,0.95157,0.99054,0.94957,0.93389,0.79856,0.97658,0.93935,0.57647,0.98676,0.9932,0.78374,0.12843,0.034819,0.96721,0.91952,0.98273,0.95399,0.98995,0.9924,0.97742,0.934,0.99341,0.8697,0.99416,0.97938,0.85809,0.9444,0.9939,0.98195,0.99409,0.94431,0.99383,0.96447,0.99473,0.87684,0.89211,0.93859,0.72543,0.97367,0.98642,0.97304,0.758,0.87769,0.97762,0.91411,0.37109,0.59631,0.98615,0.99434,0.51112,0.96258,0.97196,0.98902,0.97775,0.066955,0.92954,0.98892,0.43812,0.61025,0.87137,0.017867,0.56517,0.69922,0.875,0.92892,0.38668,0.98755,0.95723,0.9853,0.99102,0.83477,0.38674,0.10196,0.92778,0.97694,0.90854,0.55876,0.64348,0.78832,0.9525,0.97384,0.94269,0.98028,0.74446,0.86465,0.88681,0.143,0.78881,0.99011,0.78031,0.50963,0.84547,0.84844,0.97748,0.90324,0.45427,0.95217,0.97397,0.99303,0.99146,0.97617,0.97897,0.1521,0.9946,0.9837,0.96248,0.45954,0.99432,0.97914,0.96956,0.98654,0.99454,0.98875,0.98778,0.99246,0.098441,0.93499,0.99315,0.99286,0.98603,0.99326,0.92643,0.97808,0.99447,0.9865,0.89378,0.99295,0.99357,0.90813,0.98855,0.99454,0.98765,0.95887,0.98454,0.99148,0.29993,0.85892,0.99368,0.9151,0.99238,0.98164,0.98175,0.99382,0.99406,0.9945,0.99061,0.99027,0.99352,0.98585,0.9916,0.61348,0.99425,0.95738,0.96975,0.98824,0.99295,0.95849,0.9183,0.6714,0.99426,0.96816,0.94448,0.99479,0.99137,0.96274,0.93615,0.99472,0.99467,0.9915,0.026971,0.97986,0.99423,0.98423,0.97076,0.99435,0.98197,0.99111,0.99487,0.43185,0.64813,0.99429,0.9941,0.98509,0.9772,0.89923,0.93927,0.98517,0.94399,0.80236,0.97743,0.99412,0.98444,0.99471,0.99476,0.99404,0.99414,0.99473,0.99294,0.9723,0.99414,0.98415,0.67381,0.99469,0.99488,0.99256,0.99447,0.99474,0.21713,0.99438,0.99408,0.9863,0.9948,0.99345,0.96554,0.9939,0.94562,0.9135,0.99368,0.9946,0.97753,0.93398,0.99378,0.95178,0.22988,0.98829,0.98673,0.96577,0.87958,0.70051,0.96669,0.99486,0.99362,0.99301,0.4828,0.98519,0.94965,0.99013,0.75226,0.88312,0.25649,0.99433,0.9776,0.96088,0.48232,0.97867,0.85884,0.98472,0.74738,0.99202,0.9652,0.77712,0.90991,0.89755,0.99202,0.98883,0.41461,0.99398,0.67961,0.98303,0.97448,0.97166,0.98317,0.99435,0.99453,0.99201,0.974,0.036123,0.83661,0.35194,0.68736,0.99394,0.78962,0.99393,0.99118,0.9887,0.68126,0.99378,0.99111,0.5376,0.99433,0.99471,0.037581,0.039581,0.65075,0.040701,0.83888,0.94885,0.93523,0.97289,0.75465,0.019043,-0.0016448,0.9766,0.98024,0.61878,0.90036,0.91601,0.68829,0.96613,0.82833,-0.009463,0.93642,0.6502,0.8488,0.99057,0.80203,0.35724,0.2318,0.97967,0.89849,0.98334,0.98801,0.83557,0.94457,0.54984,0.3032,0.86388,-0.0026944,0.97782,0.87037,0.96749,0.98576,0.74656,0.99465,0.99426,0.98782,0.98945,0.0057813,0.9906,0.99448,0.91683,0.99217,0.97239,0.8891,0.88893,0.90849,0.86319,0.86264,0.75994,0.5523,0.20179,0.92615,0.11226,0.99041,0.93516,0.99355,0.99134,0.99405,0.99384,0.5792,0.8927,0.98713,0.88409,0.99374,0.97182,0.99393,0.99476,0.98873,0.85142,0.94151,0.97211,0.9895,0.88257,0.9792,0.93401,0.98888,0.91031,0.96252,0.97782,0.99319,0.99116,0.96348,0.92697,0.86759,0.95136,0.9769,0.85763,0.97054,0.98164,0.99312,0.96681,0.99429,0.86834,0.9848,0.97327,0.99448,0.99091,0.99324,0.018015,0.83944,0.87879,0.85018,0.99059,0.95691,0.81514,0.8638,0.80317,0.91587,0.97832,0.9804,0.98828,0.99104,0.99047,0.98714,0.89016,0.98069,0.82005,0.90457,0.88607,0.40105,0.98971,0.96738,0.9931,0.031004,0.94878,0.99341,0.96039,0.9836,0.89321,0.96342,0.99291,0.99202,0.98387,0.7354,0.94311,0.9926,0.98823,0.99426,0.5317,0.037308,0.6788,0.62441,0.8608,0.8496,0.89978,0.93734,0.52414,0.65521,0.96065,0.99146,0.87483,0.5419,0.99438,0.98268,0.63554,0.46935,0.75126,0.55728,0.85353,0.0021634,0.90706,0.26309,0.21293,-0.001437,0.97722,0.83006,0.17904,0.67247,0.86326,0.98328,0.97169,0.98278,0.94751,0.78525,0.99207,0.88734,0.71177,0.9773,0.29864,0.98325,0.93971,0.67684,0.745,0.79545,0.94392,0.93246,0.77349,0.94382,0.00050756,0.97839,0.72103,0.94409,0.88643,0.89434,0.9387,0.57655,0.7815,0.89622,0.89625,0.026151,0.69561,0.83591,0.90223,0.58102,0.16433,0.81279,0.35125,-0.00031899,0.65599,0.26481,0.01346,0.37108,0.4214,0.3032,0.81748,0.7442,0.90372,0.64087,0.11245,0.0023111,0.28431,0.23788,0.60704,0.11894,0.92819,0.50923,0.96517,0.041554,0.95979,0.96522,0.8711,0.95975,0.10419,0.11149,0.72182,0.99145,0.87712,0.57546,0.61698,0.9867,0.99428,0.98068,0.98719,0.97051,0.92381,0.95114,0.23571,0.9198,0.10495,0.98882,0.99056,0.73868,0.83598,0.97262,0.1059,0.97359,0.96693,0.79285,0.99392,0.89354,0.98392,0.98662,0.93054,0.1055,0.98196,0.99304,0.99267,0.99429,0.99201,0.95801,0.96241,0.97199,0.99104,0.97244,0.98063,0.98433,0.93803,0.9402,0.9683,0.99154,0.97376,0.9911,0.83692,0.99255,0.98886,0.9921,0.93029,0.94626,0.95595,0.93781,0.9479,0.98189,0.9833,0.98529,0.97366,0.98896,0.99298,0.4697,0.60215,0.98718,0.98271,0.88805,0.96396,0.97395,0.97214,0.97892,0.62089,0.98885,0.23513,0.98822,0.99333,0.99365,0.89659,0.17025,0.98772,0.98275,0.97554,-0.0011161,0.96783,0.96839,0.81076,0.87029,0.98564,0.40986,0.99174,0.98131,0.84341,0.050391,0.021456,0.25992,0.98994,0.95473,0.97944,-0.0060557,0.94211,0.90744,0.97534,0.8399,0.98227,0.98232,0.9775,0.56756,0.96189,0.9011,0.96275,0.98157,0.98385,0.94715,0.96422,0.96759,0.9764,0.99287,0.36889,0.57109,0.32968,0.59946,0.45937,0.70534,0.8506,0.13787,0.22961,0.70676,0.078373,0.053795,0.81475,0.88698,0.043522,0.45248,0.70007,0.029835,0.86639,0.49511,0.19494,0.93082,0.8082,0.80508,0.86538,0.42406,0.92103,0.90292,0.77758,0.48143,0.016296,0.7133,0.68101,0.83149,0.91594,0.75929,0.29914,0.0029103,0.081134,0.97165,0.82011,0.6307,0.73813,0.92545,0.57719,0.69152,0.43442,0.9825,0.23658,0.64807,0.94143,0.51729,0.93102,0.89133,0.7956,0.23793,0.8066,0.9702,0.96743,0.63662,0.43456,0.92158,0.86416,0.90286,0.2255,0.42581,0.97539,0.39441,0.98522,0.11882,0.98674,0.91884,0.84905,0.77936,0.96689,0.63159,0.71681,0.93585,0.96421,0.97908,0.1994,0.88487,0.54166,0.97035,0.93961,0.8902,0.99321,0.98773,0.98831,0.96841,0.98623,0.98767,0.9871,0.98324,0.89325,0.96443,0.99344,0.97599,0.99379,0.95402,0.51706,0.058043,0.98799,0.51149,0.99317,0.77068,0.93534,0.98537,0.96685,0.99377,0.98335,0.99222,0.99179,0.9783,0.90411,0.18352,0.97106,0.98534,0.99366,0.84422,0.96316,0.99351,0.92934,0.98986,0.97856,0.96938,0.98797,0.98047,0.99367,0.9915,0.99347,0.98915,0.93499,0.87563,0.95828,0.98529,0.9842,0.97173,0.98811,0.96808,0.81899,0.98533,0.99049,0.98528,0.43281,0.99172,0.99303,0.92249,0.80425,0.9874,0.96171,0.99344,0.98341,0.95294,0.97208,0.98275,0.99371,0.98977,0.99051,0.98953,0.84388,0.98176,0.90585,-0.00022321,0.98343,0.71908,0.96981,0.9853,0.97053,0.99279,0.99337,0.98827,0.98404,0.99252,0.99183,0.98967,0.99016,0.99243,0.99326,0.88741,0.97144,0.87287,0.9883,0.98586,0.9699,0.9898,0.99001,0.97501,0.79661,0.99143,0.022233,0.94665,0.99354,0.97604,0.71859,0.024621,0.98977,0.99361,0.99417,0.92748,0.96681,0.20875,0.40047,0.25382,0.84662,0.73202,0.013077,0.98072,0.7425,0.96282,0.98455,0.99053,0.85247,0.97421,0.28544,0.67499,0.91708,0.17135,0.94834,0.98302,0.9337,0.29543,0.011199,0.97962,0.98458,0.9867,0.94597,0.87285,0.50306,0.38957,0.60138,0.22163,0.9774,0.9889,0.9754,0.97661,0.965,0.99317,0.92727,0.041537,0.15661,0.95495,0.99417,0.96688,0.58998,0.88356,0.96025,0.88582,0.99028,0.96004,0.79693,0.76369,0.044968,0.86748,0.83333,0.9837,0.85844,0.7377,0.98874,0.99079,0.98414,0.93206,0.95057,0.98575,0.58612,0.99095,0.72016,-0.00057484,0.99196,0.40108,0.094917,0.99028,0.83264,0.55352,0.91422,0.93115,0.86523,0.8042,0.0068364,0.96986,0.77248,0.69833,0.54622,0.69551,0.81877,0.95244,0.94861,0.97733,0.71647,0.98933,0.97877,0.44664,0.8293,0.97926,0.92073,0.98043,0.94833,0.87415,0.96202,0.98025,0.95282,0.98735,0.91373,0.96079,0.96244,0.94269,0.10598,0.76689,0.084389,0.013545,0.98995,0.85822,-0.0299,0.95089,0.7702,0.97791,0.83294,0.85367,0.99353,0.98555,0.97247,0.0013424,0.90275,0.8812,0.9653,0.96253,0.62252,0.77772,0.90219,0.82055,0.82001,0.97928,0.86233,0.93206,0.63662,0.94848,0.50417,0.98003,0.95452,0.67552,0.82279,0.92801,0.93061,0.84545,0.83861,0.39508,0.78,0.91663,0.98804,0.1549,0.95392,0.83028,0.54128,0.93195,0.84,0.43214,0.96728,0.34384,0.87555,0.71611,0.98087,0.85992,0.86617,0.5883,0.98678,0.89953,0.93686,0.87347,0.011764,0.3558,-0.012471,0.85332,0.008703,0.15381,0.57069,0.31998,0.95746,0.9133,0.88833,0.87786,0.00023481,0.78631,0.84882,0.96754,0.51365,0.98781,0.92958,0.94912,0.59607,-0.013654,0.86262,0.93093,0.13078,0.016739,-0.0028541,0.13944,2.7666e-05,0.036792,-3.1071e-05,0.7427,-2.0148e-06,0.71825,0.72033,0.00067514,0.0014315,0.39833,0.92405,0.012465,0.80747,0.98069,0.86573,0.84301,0.1672,0.87303,0.98585,0.63909,0.80389,0.67673,0.91252,0.97815,0.50232,0.97879,0.97765,0.86864,0.82865,0.66923,-0.008967,0.37795,0.31231,0.0040182,0.29536,0.57809,0.054383,0.2099,0.2074,0.58196,0.70789,-0.057785,0.58793,0.31585,0.58201,0.69506,0.14516,0.47694,0.092422,0.084235,0.25321,0.030694,0.28494,0.25053,0.22113,0.49125,0.042949,0.78721,0.66567,-0.016339,0.087968,0.24526,0.80804,-0.0048992,0.93404,0.10592,0.91764,0.99077,0.81497,0.88913,0.44639,6.1413e-05,0.18344,0.34952,0.74057,0.87618,0.61855,0.97927,0.92769,0.53096,0.93815,0.97504,0.94575,0.94687,0.85449,0.43301,0.68533,0.85409,0.79191,0.93996,0.97977,0.91572,0.94717,0.78154,0.94409,0.91902,0.92367,0.97939,0.98917,0.91406,0.97823,0.59276,0.88736,0.98783,0.97267,0.78834,0.97542,0.97634,-0.0047649,0.98132,0.19683,0.0028923,0.87098,0.49308,0.11537,0.8193,0.96075,0.88028,0.78408,0.94942,0.71181,0.85504,0.97039,0.88296,0.78568,0.97095,0.61733,0.99168,0.83783,0.90285,0.72505,0.91132,0.80238,0.98172,0.9843,0.6458,0.93746,0.89304,0.97302,0.96078,0.45833,0.96448,0.87431,0.70174,0.97123,0.80558,0.98104,0.92461,0.81249,0.27705,0.68213,0.94816,0.80546,0.81106,0.83173,0.91234,0.97067,0.5582,0.76245,0.97725,0.96189,0.00012024,0.99141,0.9792,0.74828,0.63092,0.95282,0.95176,0.98367,0.8475,0.85765,0.96695,0.91445,0.96067,0.96232,0.78824,0.67352,0.45426,0.93842,0.77573,0.96939,0.98491,0.0095505,0.25713,0.030727,0.72803,0.071414,0.013805,-0.0029934,0.61668,0.26165,0.088345,0.78014,0.95064,0.63874,0.066179,0.0081845,0.65426,0.73641,0.94389,0.877,0.93981,0.13572,0.82141,0.13628,0.75719,0.069003,0.7854,0.91258,0.47667,0.33195,0.437,0.94856,0.89787,0.92326,0.085723,0.91364,0.84473,0.87553,0.90198,0.22149,0.72557,0.91934,0.54249,0.91497,0.89357,0.58515,0.82616,0.31398,0.27594,0.94344,0.26313,0.84397,0.5222,0.63455,0.66339,0.37467,0.7242,0.88551,0.45401,0.43416,0.73959,0.65692,0.91023,0.7561,0.14413,0.015001,0.085364,0.92968,0.61347,-0.0014601,0.89112,0.70029,0.38059,0.71953,0.93064,0.90104,0.98605,0.93898,0.88061,0.67217,0.90715,0.68527,0.89151,0.045398,0.97592,0.93875,0.90332,0.058124,0.88692,0.52968,0.8364,0.63321,0.9411,0.72243,0.92555,0.98125,0.43113,0.96783,0.93885,0.87551,0.97235,0.95293,0.98513,0.77092,0.93716,0.84636,0.99126,0.95027,0.21078,0.84325,0.71632,0.52109,0.9404,0.6125,0.96928,0.976,0.97854,0.89837,0.85479,0.96304,0.98413,0.44816,0.62689,0.97668,0.52113,0.78878,0.67215,0.59504,0.98676,0.9117,0.71189,0.96773,0.99262,0.79067,0.93803,0.96012,0.8433,0.20963,0.91681,0.94223,0.93431,0.80203,0.94308,0.93665,0.59246,0.65781,0.83221,0.94133,0.88676,0.9506,0.93197,0.47625,0.55779,0.97185,0.98033,0.87849,0.95828,0.97135,0.62304,0.94468,0.7429,0.96555,0.31317,0.9518,0.86423,-0.00051324,0.75695,0.97931,0.98246,0.31088,0.98132,0.96904,0.98438,0.98058,0.98749,0.82878,0.94484,0.92726,0.98619,0.97999,0.88834,0.96981,0.96331,0.87166,0.23491,0.83667,0.96867,0.7666,0.76453,0.89457,0.91641,0.9854,0.53838,0.91648,0.9928,0.13307,0.73279,0.026186,0.81808,0.1435,0.13009,0.12175,0.52928,0.57018,0.70666,0.73929,0.94495,0.86394,0.98241,0.70487,0.88953,0.15126,0.38826,0.57509,0.63279,0.92807,-0.00083769,0.13604,0.56204,0.053833,0.69149,0.83258,0.093045,0.9352,0.66317,0.35849,0.0035464,0.44562,0.64173,0.8488,0.88895,0.0047668,0.89721,0.79768,0.87662,0.65303,0.91625,0.031625,0.53274,0.97315,0.62157,0.0034855,0.94061,0.8069,0.86365,0.62025,0.94794,0.98638,0.45487,0.58829,-0.00062702,0.29363,0.72925,0.94051,0.080221,0.95103,0.75103,0.97664,0.95659,0.93052,0.58221,0.80785,0.94156,0.9657,0.27944,0.98107,0.99352,0.97501,0.33853,0.94738,0.97451,0.47192,0.96157,0.97391,0.97354,0.73012,0.94927,0.84363,0.93324,0.40216,0.93007,0.81751,0.93567,0.90566,0.92537,0.50846,0.95221,0.73207,0.52686,0.95764,0.9241,0.51824,0.97864,0.96718,0.94886,0.86704,0.82457,0.97465,0.10716,0.58149,0.99114,0.9807,0.20129,0.84128,0.65499,0.73191,0.98652,0.69429,0.92077,0.98402,0.95681,0.90074,0.97188,0.00050361,0.47626,0.83491,0.94112,0.98703,0.82285,0.9822,0.26421,0.91287,0.83369,0.86379,0.80079,0.76386,0.4658,0.87055,0.92634,0.9458,0.93794,-0.00056393,-0.12812,0.93048,0.21895,0.94313,0.83566,0.97322,0.80677,0.67882,0.95912,0.84346,0.92046,0.86148,0.84827,0.97656,0.68885,0.94975,0.4835,0.91089,0.89735,0.97687,0.25403,0.80077,0.98619,0.80358,0.94911,0.90559,0.82492,0.97615,0.9695,0.1592,0.9353,0.72597,0.89279,0.79215,0.8808,0.92781,0.98344,0.83677,0.9506,0.60978,0.9066,0.68236,-0.00014247,0.93611,0.89941,0.94201,0.68493,0.79371,0.98453,0.94361,0.58554,0.90899,0.04569,0.33419,0.24982,0.94866,0.62919,0.96272,0.9757,0.95815,0.9445,0.93661,0.64522,0.43301,0.18289,0.068591,0.97683,0.95793,0.35066,0.54696,0.65079,0.69786,0.87219,0.050016,0.97631,0.82953,0.92858,0.79748,0.93154,0.7812,0.83478,0.89727,0.97597,0.82118,0.7658,0.025811,0.69647,0.78731,0.17807,0.94841,0.11597,0.84068,0.89505,0.93788,0.91694,0.46268,0.38329,0.98514,0.98036,0.92719,0.039974,0.71339,0.75613,0.35831,0.49564,0.75402,0.67704,-0.0085387,0.82526,0.85384,0.0044604,0.93012,0.89454,0.52971,0.70342,0.35044,0.8559,0.83301,0.95872,0.51987,0.86245,0.91595,0.98357,0.91646,0.9883,0.64844,0.94651,0.4334,0.66839,0.78274,0.85406,0.089333,0.70446,0.74325,0.9488,0.98467,0.98907,0.97951,0.98719,0.95563,0.91994,0.055754,0.94725,0.9133,0.89943,0.81604,0.72734,0.97559,0.98567,0.9591,0.73308,0.86035,0.016728,0.4744,0.88308,-0.0066379,0.96377,0.4429,0.97756,0.99076,0.71481,0.52901,0.81948,0.98478,0.7198,0.87025,0.98153,0.98188,0.98705,0.98221,0.62205,0.87825,0.95805,0.97134,0.92158,0.97353,0.66446,0.47077,0.97373,0.97452,0.92357,0.24076,0.89702,0.73298,0.95728,0.5484,0.79285,0.97335,0.96402,0.98479,0.72842,0.97658,0.79586,0.89183,0.9786,0.97453,0.97252,0.9449,0.94212,0.97932,0.10905,0.022919,0.84332,0.1541,0.95281,0.856,0.3271,0.98587,0.97702,0.67201,0.87295,0.94665,-0.10472,0.5869,0.62621,0.82226,0.95885,0.46204,0.82606,0.91568,0.88517,0.85462,0.88926,0.088728,0.28506,0.9143,0.96801,0.9841,0.96674,0.47398,0.49904,0.95058,0.92503,0.73038,0.971,0.94633,0.98949,0.66144,0.65355,0.6578,0.6904,0.8125,0.96657,0.30112,0.016542,0.44835,0.88284,0.45323,0.40667,0.44516,0.90299,0.90764,0.95541,0.05892,0.96236,0.81878,0.91326,0.95141,0.93059,0.49164,0.88818,0.96474,0.98164,0.96057,0.016195,0.96195,0.49729,0.98779,0.97844,0.95492,0.9876,0.72404,0.9721,0.88336,0.45309,0.73753,0.98846,0.95352,0.73329,0.49542,0.95131,0.6891,0.95707,0.94889,0.69202,0.60664,0.65603,0.17528,0.78229,0.95175,0.54937,0.95099,0.37578,0.87673,0.32141,0.5192,0.52369,0.95628,0.93099,0.28372,0.069282,0.98124,0.90071,0.76131,0.89278,0.01105,0.91363,0.94727,0.98912,0.92578,0.98834,0.93953,0.74692,0.044396,0.9311,0.97824,0.13611,0.99067,0.14741,0.61669,0.83298,0.98333,0.97632,0.85698,0.96573,0.97965,0.98101,0.81005,0.97902,0.98928,0.51985,0.93577,0.15678,0.95591,0.97312,0.9467,0.93809,0.96921,0.89782,0.81002,0.87482,0.98131,0.90557,0.3378,0.7579,0.89938,0.097939,0.93575,0.82029,0.0011659,0.91487,0.89427,0.96311,0.24077,0.78293,0.96511,0.97276,0.83636,0.20988,0.98346,0.96602,0.88309,0.98836,0.95327,0.83358,0.81528,0.97182,0.97409,0.96333,0.9917,0.9124,0.78596,0.84543,0.55083,0.78115,0.87507,0.89928,0.91435,0.91764,0.9487,0.99019,0.56737,0.82643,0.98952,0.95816,0.079794,0.97173,-0.015922,0.5117,0.79349,0.78908,0.99082,0.88341,0.98256,0.98796,0.98576,0.91407,0.97683,0.63467,0.85456,0.7513,0.23071,0.7822,0.85198,0.64131,0.76653,0.47867,0.74027,0.92272,0.94725,0.96175,0.95839,0.91585,0.96717,0.978,0.053172,0.82264,0.7151,0.9149,0.91993,0.50839,0.6665,0.74957,0.9297,0.98475,0.65159,0.89329,0.3639,0.95856,0.93239,0.74336,0.81441,0.89843,0.8622,0.90741,0.27032,0.9783,0.87233,0.20108,0.9633,0.51122,0.91335,0.050422,0.91857,0.9464,0.979,0.38871,0.9314,0.94192,0.88711,0.94158,0.83386,0.74015,0.45441,0.71208,0.94591,0.48271,0.81276,0.16597,0.90728,0.44958,0.87892,0.95426,0.89732,0.65373,0.88055,0.9781,0.70478,0.8683,0.11173,0.69402,-0.00028027,0.76777,0.65138,0.85625,0.47664,0.39608,0.65093,0.91926,0.96061,0.066793,-0.034567,0.89254,0.96739,0.92447,0.58054,0.93322,0.41824,0.88505,0.83287,0.83832,0.88587,0.72042,0.86405,0.47896,0.71547,0.93205,0.17052,0.93315,0.64594,0.73263,0.23802,0.58696,0.56112,0.92455,0.84875,0.17175,0.18231,0.78614,0.58554,0.61512,0.84853,0.17975,0.90892,0.83115,0.96444,0.25441,0.92391,0.64557,0.92737,0.10954,0.86764,0.81416,0.92231,0.92521,0.87137,0.96744,0.025815,0.59525,0.9602,0.98051,0.84868,0.9671,0.3115,0.89595,0.47289,0.87783,0.77764,0.25184,0.98076,-0.0043877,0.61642,0.93998,0.51171,0.97719,0.81186,0.24916,0.83064,0.0051657,0.99028,0.82955,0.90946,0.054251,0.93308,0.94838,0.86178,0.97056,0.97121,0.9765,0.82391,0.019137,0.68136,0.91514,0.99201,0.28501,0.12601,0.94608,0.8647,0.14989,0.5019,0.73914,0.57883,0.55655,0.68127,0.94797,0.90774,0.75517,0.62201,0.034896,0.58599,0.6684,0.85801,0.95965,0.50922,0.94241,0.29659,0.6882,0.95539,0.00043356,0.91079,0.48549,0.91931,0.95827,0.96778,0.33903,0.92049,0.79516,0.93843,0.92105,0.97267,0.95703,0.97573,0.5397,0.9371,0.10249,0.58525,0.99319,0.88369,0.2699,0.87832,0.97212,0.9803,0.94639,-0.0060782,0.90616,0.84476,-0.056537,0.94023,0.68459,0.88246,0.94478,0.60779,0.95821,0.41457,0.96892,0.63716,0.45854,0.5299,0.36759,-0.022836,0.89226,0.56785,0.47787,0.2711,0.97135,0.53869,0.92395,0.10635,0.00059224,0.73718,0.9249,0.19129,0.73029,0.91824,0.87497,0.15487,0.33824,0.94071,0.90605,0.70907,0.8138,0.57608,0.81655,0.32708,0.43136,0.84343,0.90176,0.79556,0.53619,0.10602,0.75099,0.84844,0.9507,0.83331,0.92913,0.82519,0.91235,0.98322,0.3419,0.6971,0.62377,0.12508,0.85418,-0.00067079,0.70418,0.033005,0.89178,0.52194,0.96073,0.9361,0.84602,0.08506,0.76261,0.28817,0.61363,0.78861,0.92649,0.95927,0.79829,0.69172,0.43808,0.98288,0.97054,0.058749,0.37095,0.51273,0.39048,0.95919,0.96391,0.85986,0.68833,0.93514,0.72428,-0.040835,0.94938,0.9518,0.46342,0.94811,0.45599,0.8992,0.19276,0.68931,-0.00070768,0.67407,-0.00024329,0.15333,0.39847,0.45754,0.8911,0.85313,0.97209,0.86805,0.86042,0.6004,0.80978,0.72665,0.83121,0.98499,0.94002,0.85978,0.27263,0.14873,0.80563,0.78445,0.97696,0.80505,0.81187,0.92066,0.92512,0.88885,0.20133,0.80611,0.48323,0.71646,0.1995,0.10023,0.45449,0.26392,0.57375,0.94102,0.9096,0.62336,0.63666,0.93479,0.93367,0.86136,0.90564,0.016289,0.0045441,0.75707,0.97325,0.73044,0.96451,0.89616,0.19892,0.87336,0.83249,0.87654,0.96316,0.96989,-0.00043719,0.81432,0.96888,0.40153,0.68361,0.87582,0.73408,0.34654,-0.18342,0.57439,0.70024,0.22512,0.91398,0.97013,0.00032103,0.47941,0.97463,0.87582,0.90667,0.81292,0.2207,0.24609,-0.00034774,0.027013,0.88028,0.95295,0.96788,0.38006,0.9215,0.64985,0.96633,0.8823,0.99467,0.98866,0.88635,0.44027,0.95039,0.91075,0.70549,0.764,0.83505,0.95762,0.94583,0.61346,0.26139,0.53209,0.89314,0.38263,0.25515,0.46743,0.83598,0.41282,0.40307,0.92083,0.98155,0.85632,-0.080042,0.53203,0.071286,0.94523,0.81656,0.64159,0.21461,0.0833,0.31643,0.87986,0.57675,0.65105,0.40164,0.66016,0.065499,0.40815,0.19503,0.69667,0.88074,0.95209,0.55994,0.2186,0.87385,0.95178,0.68491,0.44268,0.94276,0.010556,0.68541,0.54825,0.56067,0.44852,0.88433,0.87761,0.58016,0.87151,0.95405,0.81026,0.95518,0.11363,0.24212,0.67131,-0.1273,0.047559,0.86925,0.62612,0.47335,0.56962,0.60159,0.91138,0.72532,0.07682,0.93181,0.66717,0.034704,0.85854,0.13398,0.87458,0.66404,-0.003716,0.16284,0.85426,0.21778,0.91149,0.6185,-1.0282e-05,0.75836,0.79086,0.38668,0.44335,0.2243,0.54898,0.59312,0.65741,0.40382,0.10496,0.45513,0.67173,0.60891,0.040311,0.23557,0.47083,0.7932,0.81768,0.90398,0.55922,0.86095,0.39107,0.94583,0.97471,0.97191,0.84733,0.94265,0.96266,0.59389,0.6806,0.6632,0.90607,0.5622,0.95711,0.62694,0.96489,0.68623,0.093243,0.47046,0.85088,0.58602,0.8911,0.84477,0.58215,0.21793,-0.00029413,-0.10046,0.0042508,0.85055,0.71339,0.47995,0.85365,0.48461,0.84366,0.56235,0.5769,0.61505,0.79486,0.80431,0.75276,0.32077,0.90815,0.81112,0.36582,0.0072095,0.94933,0.88176,0.65253,0.060138,0.050819,0.87153,0.096586,0.29443,0.8616,0.56587,0.58271,0.62053,0.52359,0.89733,0.3923,0.29558,0.30554,0.31482,0.55719,0.36859,0.084715,0.043561,0.92368,0.65683,0.90553,0.55874,0.64586,0.52887,0.71167,0.22348,0.54065,0.78052,0.40056,0.91112,0.14129,0.77661,0.6429,0.6278,0.87905,0.46089,0.85145,0.95092,0.78598,0.97748,0.95205,0.038451,0.054069,0.35242,0.72394,0.94659,0.9912,0.3218,0.64678,0.78336,0.80932,0.94464,0.95412,0.89674,0.0068626,0.88976,0.68077,0.71507,0.94274,0.8446,0.42487,0.94444,-0.001034,0.97997,0.29452,0.96099,0.93401,0.97418,0.0029437,0.76599,0.83656,0.97211,0.93037,0.88328,0.66795,0.97771,0.96596,0.9587,0.94865,0.99397,0.98393,0.99436,0.99298,0.99443,0.1156,0.96616,0.99451,0.97873,0.93813,0.66753,0.95647,0.94909,0.014947,0.9106,0.9004,0.55903,0.94888,0.86556,0.88271,0.27536,0.98229,0.965,0.49675,-0.054471,0.97744,0.95811,0.96688,0.97818,0.34563,0.96598,0.12592,0.94247,0.94019,0.48379,0.97685,0.43246,0.69562,0.45017,0.98532,0.85994,-0.013706,0.92366,0.9049,0.54702,0.97598,0.90035,0.99075,0.029704,0.9449,0.99347,0.99021,0.78867,0.96982,0.75849,0.98188,0.95396,-2.5625e-05,0.99215,0.99302,0.21462,0.94456,0.75449,0.96955,0.7879,0.68564,0.89515,0.29438,0.7503,0.85957,0.91615,0.96541,0.70654,0.76596,0.090296,0.75411,0.98216,0.62614,0.57585,0.9728,0.90059,0.9855,0.42229,0.82852,0.8846,0.95525,0.67476,0.94376,0.97431,0.97954,0.67352,0.92564,0.98418,0.95584,0.9186,0.39312,0.2682,0.24421,0.97699,0.96262,0.9622,-4.0051e-05,0.98407,0.98209,0.98877,0.13711,0.45898,0.56644,0.96885,-0.053333,0.9732,0.79463,0.64538,0.87879,0.96867,0.84076,0.73827,0.88934,0.46188,0.98081,0.95412,0.2818,0.73729,0.65639,0.92082,0.17004,0.64782,0.9487,0.86231,0.97182,0.90826,0.8794,0.85082,0.92042,0.61132,0.537,0.81452,0.98526,0.80232,0.97369,0.98347,0.96378,0.94191,0.70413,0.91226,0.98631,0.80819,0.94161,0.81352,0.46487,0.96353,0.98698,0.87406,0.52287,0.80413,0.40789,0.10148,0.90131,0.98511,0.9635,0.43761,0.48371,0.94541,0.8032,0.75052,0.89326,0.98989,0.98725,0.057326,0.51249,0.79487,0.87872,0.53827,0.90559,0.90056,0.75055,0.97442,0.78623,0.00057546,0.99088,0.96593,-0.022046,0.9708,0.98875,0.96571,0.9641,0.46135,0.98189,0.86764,0.28762,0.92087,0.60736,0.98312,0.92992,0.81012,-0.014615,0.90691,0.41417,-0.063048,0.81443,0.85522,0.97619,0.90214,0.93548,0.97782,0.51557,0.97913,0.96452,0.73756,0.60989,0.83667,0.9424,0.22407,0.96632,0.1584,0.4784,0.95754,0.94845,0.97049,0.77651,0.49463,0.79503,0.96989,0.26806,0.81862,0.94196,0.98189,0.72153,0.95411,0.86689,0.99163,0.96106,0.90863,0.16023,0.84091,0.98235,0.98285,0.98166,0.03015,0.90779,0.98581,0.14589,0.90708,0.68627,0.73275,0.81186,0.87268,0.3159,0.89993,0.62624,0.72844,0.99357,0.98057,0.95076,0.97202,0.1088,0.88054,0.9717,0.43674,0.8246,0.95309,0.78768,0.93413,0.95982,0.99236,0.98551,0.93228,0.90458,0.98494,0.98058,0.87397,0.94075,0.23779,0.67648,0.97735,0.95983,0.99329,0.94446,0.95322,0.77541,0.6883,0.8405,0.32863,0.96279,0.92546,0.69601,0.93091,0.7644,0.51767,0.90947,0.83393,0.885,0.77164,0.97737,0.88895,0.63667,0.75513,0.52671,0.8301,0.98247,0.96255,0.9426,0.83861,0.43989,0.35024,0.98009,0.98917,0.97802,0.85792,0.92009,0.77805,0.79674,0.99204,0.98246,0.6791,0.86656,0.91077,0.96353,0.97188,0.85198,0.8811,0.88206,0.91629,0.65649,0.98626,0.92081,0.46566,0.98029,0.00014682,0.31896,0.96242,0.96397,0.79392,0.74551,0.63785,0.69826,0.81849,0.93276,0.88831,0.89847,0.74357,0.96171,0.36997,0.45643,0.92294,0.86677,0.12956,0.9368,0.1291,0.94693,0.96487,0.95416,0.71967,0.89531,0.337,0.98401,0.65477,0.95197,0.31315,0.4786,0.95102,0.98124,0.90791,0.92618,0.6442,0.54751,0.9079,0.98034,0.40283,0.3288,0.98688,0.91131,0.13475,0.92836,0.95559,0.80022,0.9438,0.46801,0.76416,0.46758,0.011983,0.88777,0.95118,0.94235,0.58739,0.937,0.93778,0.17535,0.9831,0.78935,0.30205,0.76665,0.84187,0.94078,0.87854,-0.073789,0.98376,0.91819,0.93202,0.65897,0.9912,0.21084,0.97144,0.68308,0.87416,0.98402,0.93901,0.95285,0.32973,0.46913,0.92348,0.90024,0.92529,0.8033,0.71225,0.99205,0.58028,0.62961,0.89688,0.8618,0.6332,0.67063,0.98831,0.3247,0.88296,0.22996,0.83311,0.5449,0.7147,0.82508,0.64,0.78844,0.98637,0.57126,0.89799,0.92837,0.96246,-0.022161,0.89462,0.48101,0.97096,0.66446,0.96981,0.67023,0.45795,0.42275,0.3893,0.9796,0.97904,0.97077,0.0043735,0.73596,0.98597,0.71598,0.53975,0.98395,0.65843,0.82841,0.067984,0.81968,0.96892,0.94843,0.98771,0.88446,0.97499,0.98648,0.97493,0.98559,-0.054765,0.97694,0.83913,0.76456,0.946,0.89356,0.13694,0.88557,0.98377,0.9399,0.96151,0.94005,0.72819,0.9271,0.52411,0.12868,0.95572,0.92006,0.98698,0.90813,0.41469,0.71825,0.9227,0.83655,0.94336,0.64985,0.2755,0.98884,0.75282,0.97022,0.021028,0.61406,0.75708,0.80968,0.98744,0.97879,0.45254,0.96212,-0.089367,0.84991,0.89516,0.37042,0.97129,0.089531,0.24574,0.91853,0.83813,0.98258,0.86502,0.95691,0.57699,0.97873,0.98917,0.04382,0.4965,0.59505,0.85153,0.98326,0.50308,0.85896,0.96747,0.8126,0.89272,0.88735,0.11677,0.86622,0.76154,0.97501,0.9332,0.73435,0.5382,0.20261,0.88104,0.7978,0.98859,0.99201,0.97122,0.99088,0.99392,0.36432,0.9641,0.99371,0.99252,0.9915,0.93457,0.9915,0.99489,0.97071,0.95524,0.98938,0.99199,0.50016,0.9509,0.34925,0.97882,0.99451,0.99053,0.98004,0.96805,0.97132,0.98598,0.97039,0.99151,0.99495,0.99024,0.99305,0.89155,0.96087,0.99028,0.98611,0.99489,0.84627,0.99463,0.98816,0.9938,0.97453,0.977,0.96679,0.99465,0.98879,0.99069,0.99349,0.90146,0.96805,0.99249,0.99277,0.99442,0.99223,0.80183,0.46483,0.95747,0.99412,0.99173,0.98734,0.9838,0.9695,0.99195,0.97534,0.93463,0.9933,0.99421,0.99178,0.99465,0.98146,0.98373,0.73088,0.99151,0.99338,0.99422,0.99427,0.97168,0.99267,0.73276,0.99167,0.9946,0.98606,0.99018,0.99017,0.98366,0.98156,0.90731,0.99351,0.99348,0.97481,0.9021,0.95581,0.98257,0.91365,0.99365,0.99213,0.97738,0.93563,0.86432,0.9948,0.98316,0.99341,0.99409,0.99434,0.98406,0.96831,0.96742,0.9944,0.99474,0.9513,0.95567,0.9944,0.98291,0.63767,0.89637,0.95852,0.97355,0.90464,0.98802,0.99148,0.98824,0.99334,0.89947,0.98743,0.98555,0.95684,0.99352,0.99248,0.99482,0.98022,0.97121,0.88299,0.96651,0.90571,0.95666,0.070166,0.7714,0.6085,0.94987,0.90553,0.96478,0.98817,0.21017,0.97362,0.98795,0.99436,0.97988,0.99373,0.9873,0.98912,0.42441,0.99029,0.99292,0.99491,0.9843,0.97389,0.98291,0.81147,0.99426,0.4588,0.92854,0.96678,0.8774,0.99474,0.99106,0.99099,0.98621,0.98555,0.15329,0.97886,0.98774,0.9832,0.98224,0.99382,0.99073,0.49789,0.93018,0.96506,0.98064,0.65758,0.99162,0.99044,0.9505,0.99426,0.99259,0.93245,0.99121,0.90272,0.97464,0.99396,0.97902,0.97725,0.85587,0.26568,0.98776,0.96669,0.85,0.074844,0.82627,0.84408,0.97518,0.88294,0.99404,0.98041,0.96702,0.99159,0.97977,0.93903,0.98277,0.96951,0.97575,0.9864,0.852,0.85268,0.98637,0.025836,0.98347,0.99116,0.98203,0.98171,0.99463,0.99219,0.98984,0.99458,0.94816,0.99395,0.99208,0.99234,0.99458,0.99392,0.97878,0.23317,0.99467,0.99411,0.99381,0.98994,0.99263,-0.0026387,0.98693,0.93703,0.99379,0.24464,0.9326,0.99446,0.98651,0.99314,0.87559,0.99489,0.99183,0.98644,0.99105,0.95094,0.9855,0.96732,0.039863,0.99228,0.98115,0.99093,0.99162,0.99438,0.98536,0.98892,0.9916,0.91863,0.99484,0.94334,0.99043,0.6999,0.99001,0.98642,0.98112,0.99293,0.92817,0.95706,0.84467,0.96549,0.98708,0.98633,0.9944,0.9941,0.98926,0.98776,0.9887,0.98862,0.93006,0.66966,0.69899,0.60925,0.986,0.89869,0.99487,0.98907,0.80627,0.95294,0.86542,0.90849,0.96136,0.75744,0.99447,0.99388,0.91565,0.98432,0.96445,0.99438,0.94342,0.97397,0.97188,0.99214,0.99348,0.94119,0.99401,0.86667,0.98914,0.99053,0.99037,0.87961,0.99151,0.99278,0.99422,0.99361,0.99028,0.87422,0.48779,0.99314,0.9491,0.96534,0.050405,0.96594,0.94146,0.98833,0.96879,0.9928,0.93933,0.94028,0.99031,0.94627,0.37526,0.52775,0.99074,0.92966,0.61401,0.99137,0.072886,0.98714,0.95719,0.98066,0.95299,0.0017594,0.69849,0.94058,0.37193,0.767,0.99465,0.94741,0.94119,0.9727,0.98487,0.99362,0.95841,0.96831,0.98171,0.94281,0.99203,0.94487,0.99284,0.98008,0.98443,0.98371,0.98421,0.59799,0.98327,0.99143,0.98974,0.99285,0.99187,0.99331,0.98787,0.99009,0.96762,0.95169,0.97238,0.47129,0.9616,0.95319,0.97595,0.52962,0.98602,0.94407,0.97834,0.9931,0.92779,0.99073,0.94801,0.99394,0.91986,0.99442,0.97261,0.95732,0.99374,0.99172,0.96349,0.21166,0.97714,0.99347,0.99444,0.98874,0.2598,0.95466,0.9939,0.9947,0.99074,0.99209,0.89546,0.86899,0.99484,0.99359,0.97727,0.98689,0.99313,0.031578,0.93699,0.99479,0.99381,0.86573,0.99184,0.99342,0.95719,0.93413,0.99334,0.98948,0.97984,0.81639,0.70832,0.99466,0.99334,0.99378,0.98978,0.94751,0.94514,0.9725,0.99481,0.99403,0.99468,0.99493,0.60327,0.97858,0.99323,0.99198,0.9937,0.32999,0.99342,0.97276,0.96862,0.98819,0.98642,0.92927,0.99275,0.99327,0.99381,0.99474,0.76924,0.42561,0.94442,0.99436,0.99475,0.99431,0.99441,0.98982,0.99437,0.99063,0.99478,0.95199,0.99378,0.99364,0.98133,0.89556,0.91152,0.36375,0.99345,0.98877,0.99416,0.57707,0.99281,0.98926,0.9942,0.99364,0.99348,0.99001,0.9918,0.98572,0.99405,0.99164,0.98116,0.96525,0.99425,0.99478,0.99407,0.99463,0.98307,0.99047,0.94179,0.99259,0.96865,0.99424,0.051567,0.9942,0.98295,0.97023,0.98718,0.99288,0.98699,0.99462,0.99335,0.99079,0.98031,0.60871,0.97064,0.79894,0.98512,0.67276,0.76559,0.89234,0.99153,0.99227,0.9797,0.98204,0.98891,0.99202,0.97175,0.94813,0.92429,0.90937,0.99132,0.87797,0.96989,0.046143,0.7738,0.85037,0.9553,0.99244,0.97895,0.99058,0.89208,0.99032,0.98489,0.99403,0.99316,0.18498,0.99135,0.95834,0.99404,0.862,0.6998,0.92846,0.99416,0.99475,0.98556,0.95842,0.67452,0.72372,0.99302,0.54067,0.99274,0.8826,0.98863,0.98422,0.99248,0.99113,0.99218,0.98962,0.98304,0.98092,0.99194,0.95861,0.67597,0.95865,0.99351,0.97089,0.99473,0.99455,0.94888,0.9947,0.98133,0.99384,0.98482,0.98675,0.92823,0.96512,0.93623,0.9769,0.9783,0.96123,0.71529,0.97261,0.88974,0.97367,0.92165,0.98775,0.96951,0.99372,0.6582,0.99209,0.97073,0.97527,0.95433,0.94199,0.99156,0.98243,0.99393,0.99443,0.93458,0.96107,0.84796,0.99379,0.98887,0.68299,0.74264,0.98153,0.66083,0.94193,0.92934,0.98895,0.50532,0.81775,0.78631,0.98585,0.7543,0.94917,0.97479,0.99148,0.98189,0.78734,0.95329,0.89261,0.97774,0.80736,0.91581,0.97078,0.99322,0.63266,0.074888,0.91927,0.98616,0.9909,0.70613,0.99371,0.95574,0.99012,0.9924,0.99258,0.99233,0.93326,0.96603,0.89805,0.85002,0.66541,0.90282,0.98584,0.97407,0.97546,0.89035,0.99464,0.0024127,0.83628,0.88052,-0.1136,0.80837,0.72382,0.47808,0.90893,0.85621,0.84963,0.13694,0.54901,0.96761,0.75634,0.90832,0.69689,0.98055,0.25391,0.95042,0.976,0.94343,0.58765,0.96694,0.99454,0.88596,0.96482,0.0017262,0.38315,0.98023,0.88985,0.97555,0.99321,0.44258,0.94221,0.99322,0.95562,0.48167,0.89426,0.97895,0.99094,0.13145,0.94892,0.97039,0.23117,0.86094,-0.012969,0.1744,0.21233,0.77777,0.94602,0.99152,0.91445,0.47203,0.84684,0.97808,0.81348,0.31354,-0.0020751,0.23784,0.60022,0.99075,0.98002,0.93678,0.91431,0.94452,0.9857,0.89678,0.4238,0.9034,0.71606,0.92642,0.9529,0.74959,0.98657,0.84867,0.092474,0.84253,0.97981,0.81009,0.94535,0.92629,0.93775,0.016302,0.92995,0.73169,0.48143,0.85234,0.90348,0.72439,0.20586,0.97083,0.7599,0.92625,0.9548,0.52575,0.89991,0.90567,0.01783,0.84838,0.27688,0.8875,0.090216,0.72958,0.93001,0.9158,0.86372,0.88559,0.67809,0.97515,0.94253,-0.0024443,0.0041862,0.99024,0.93781,0.98801,0.97814,0.064078,0.883,0.96152,0.73899,0.11663,0.97089,0.9602,0.92321,0.98966,0.95281,0.99238,0.95672,0.97833,0.98827,0.96769,0.88357,0.7695,0.99373,0.98352,0.8588,0.48332,0.99096,0.97474,0.89176,0.98757,0.98779,0.98629,0.98953,0.82202,0.93533,0.86585,0.93785,0.95777,0.95393,0.93141,0.93335,0.8003,0.97853,0.97884,0.92534,0.99132,0.32251,0.98824,0.99052,0.48272,0.4055,0.92435,0.97188,0.97046,0.85039,0.99069,0.89233,0.9874,0.84573,0.94594,0.99106,0.98962,0.98543,0.98875,0.92972,0.98778,0.8422,0.99355,0.72821,0.98256,0.98563,0.97379,0.99248,0.98938,0.96289,0.95928,0.014181,0.97561,0.96807,0.8925,0.95392,0.9475,0.95281,0.99391,0.65776,0.89536,0.018423,0.98461,0.95266,0.97911,0.66163,0.68912,0.97795,0.79075,0.98971,0.85397,0.96612,0.90349,0.91016,0.98965,0.98521,0.95048,0.90622,0.99224,0.96689,0.91214,0.90091,0.9563,0.9159,0.98537,0.62242,-0.0014819,0.64144,0.88464,0.39919,0.99047,0.99295,0.98492,0.95195,0.97481,0.82099,0.87178,0.83038,0.10293,0.80862,0.98546,0.95355,0.9604,0.011268,0.87222,0.93092,0.012173,0.40163,0.86932,0.95181,0.97818,0.9769,0.8781,0.67029,0.96739,0.92777,0.98241,0.92024,0.90526,0.9675,0.0014264,0.19397,0.89191,0.64477,0.86623,0.96113,0.6471,0.7668,0.4019,0.79851,0.81722,0.97015,0.74735,0.9239,0.13448,0.75853,0.99257,0.68373,0.032802,0.0473,0.70589,0.94086,0.79543,0.95124,0.81894,0.99165,0.95697,0.99367,0.94487,0.92441,0.97831,0.96889,0.74447,0.018155,0.95086,0.95373,0.49329,0.95179,0.86366,0.94034,0.98958,-0.00039844,0.98578,0.9667,0.97459,0.98945,0.98577,0.7014,0.89198,0.93945,0.89386,0.89505,0.50432,0.98859,0.9383,0.99267,0.99196,0.9001,0.80804,0.89859,0.96039,0.71602,0.9823,0.38234,0.7719,0.13659,0.6784,0.78606,0.71642,0.50749,0.72029,0.17497,0.99365,0.95671,0.67741,0.98111,0.48183,0.13675,-0.0097767,0.80005,0.85585,0.84154,0.11552,0.08187,0.98495,0.92827,0.78318,0.0013347,0.23906,0.84386,0.94806,0.22804,0.88485,0.91269,0.84509,0.86448,0.91115,0.97192,0.3406,0.59988,0.77064,0.67165,0.73333,0.0039951,0.80333,0.96872,0.20237,0.91312,0.2489,0.94379,0.86364,0.77903,0.74974,0.84663,0.95045,0.49225,0.86058,0.0094691,0.97848,0.98029,0.99011,0.75544,0.25643,0.68524,0.85152,0.026615,0.13853,0.81747,0.57618,0.90684,0.88949,0.25038,0.86271,0.61746,0.88853,0.93459,0.46072,0.021392,0.95379,0.9654,0.10294,0.98326,0.97684,4.3325e-05,0.73308,0.74178,0.8227,0.84718,0.91546,0.87931,0.78826,0.89943,0.90784,0.52635,0.97694,0.96095,0.98337,0.98498,0.53803,0.80995,0.9926,0.60233,0.027385,0.068284,0.7217,0.22746,0.7219,0.057545,0.41807,0.71478,0.47455,0.066189,0.84776,0.36853,0.84687,0.013606,0.12789,0.8153,0.80248,0.7897,0.29649,0.63019,0.0032195,0.32528,0.90985,0.60379,0.68431,0.077259,0.68466,0.17054,0.66793,0.11359,0.33372,0.020775,0.40418,0.64332,0.8725,0.38554,0.073092,0.68698,0.80399,0.96185,0.98875,0.9797,0.99277,0.94255,0.81912,0.98804,0.14784,0.99194,0.46742,0.97835,0.90902,0.78777,0.99353,0.98851,0.97502,0.94259,0.93954,0.12097,0.43474,0.98641,0.6598,0.86737,0.59487,0.60555,0.93472,0.6761,0.86323,-0.00087603,0.62029,0.95141,0.7525,0.50103,0.76959,-0.13322,0.81123,0.37244,0.93678,0.88018,0.90564,0.73644,0.97596,0.98212,0.98925,0.93611,0.99126,0.78686,0.98557,0.97856,0.070923,0.82927,0.99391,0.99477,0.99413,0.98799,0.75617,0.77778,0.32369,0.074985,0.81863,0.81733,0.76621,0.037442,0.65971,0.80047,0.66036,0.78567,0.55155,0.71182,0.05366,0.31201,0.20025,0.40334,0.08535,0.81656,0.95339,0.89245,0.90884,0.97487,0.33548,0.89504,0.95487,0.97825,0.71028,0.65738,0.9074,0.97849,0.90549,0.71885,0.73952,0.85081,0.26611,0.95519,0.97454,0.31885,0.40639,0.031135,0.87909,0.97264,0.98567,0.79289,0.90522,0.88074,0.91548,0.85558,0.96344,0.51818,0.82146,0.12218,0.95393,0.60202,0.74535,0.17243,0.75953,0.8005,0.8572,0.77348,0.91857,0.9573,0.97489,0.76174,0.76474,0.83502,0.243,0.21094,0.78356,0.10555,2.9525e-06,0.63591,0.96289,0.8432,0.73829,0.75756,0.59489,0.94858,0.91583,0.88037,0.76631,0.87497,0.95688,0.59472,0.75954,0.68286,0.91429,0.93872,0.98942,0.99029,0.9703,0.89345,0.98713,0.99041,0.85372,0.87911,0.96748,0.96629,0.99461,0.98427,0.91873,0.98039,0.97957,0.82142,0.93131,0.63131,0.59643,0.82836,0.84015,0.51456,0.67613,0.074825,0.96667,0.53999,0.22653,0.90532,0.75551,0.94375,0.22668,0.97671,0.93221,0.94359,0.43428,0.96245,0.95675,0.20496,0.89133,0.72072,0.49243,0.86194,0.7474,0.017461,0.51723,0.71938,0.24331,0.67388,0.80103,0.71567,0.92131,0.98811,0.85226,0.95815,0.97819,0.96356,0.9453,0.98715,0.3495,0.87542,0.93773,0.99092,0.95852,0.95844,0.84332,0.77609,0.94225,0.84275,0.011304,0.90325,0.0099202,0.71509,0.40112,0.052138,0.94233,0.95989,0.88946,0.96625,0.07525,0.93067,0.91485,0.97808,0.51008,0.87714,0.69629,0.61453,0.20008,0.30423,-0.00021361,0.54223,0.87028,0.87002,0.83304,0.29528,0.94453,0.59182,0.83919,0.28156,0.48692,0.79059,0.81812,0.47036,0.60993,0.45761,0.49162,0.23877,0.68044,0.77277,0.29727,0.094844,0.5886,0.19422,0.01089,0.6767,0.59259,0.051451,0.7744,0.98494,0.98936,0.92133,0.27336,0.89034,0.8875,0.45229,0.68772,0.25546,0.2499,0.9576,0.44393,0.5946,0.87109,0.2953,0.89863,0.92327,0.8967,0.67277,0.70386,0.86422,0.93164,0.81809,0.93535,0.85913,0.93202,0.80439,0.95644,0.46803,0.44794,0.15734,0.95736,0.86863,0.69681,0.98278,0.66488,0.90335,0.93803,0.73323,0.84333,0.94558,0.64834,0.83536,0.63195,0.92763,0.99322,0.58999,0.77693,0.47715,0.93858,0.77032,0.94748,0.33519,0.19697,0.81397,0.92171,0.34656,0.82393,0.83847,0.79966,0.98987,0.9795,0.42136,0.095475,0.92585,0.13456,0.95623,0.82184,0.9005,0.29626,0.75233,0.96094,0.83061,0.83425,0.18932,0.91492,0.9541,0.39618,-0.0013128,0.011592,0.96184,0.9473,0.84212,0.071904,0.70341,0.55488,-0.0043459,0.78503,0.15862,0.7774,0.54898,0.20978,0.88388,0.92807,0.9453,0.65213,0.74193,0.57064,0.90295,0.97517,0.95696,0.96512,0.80667,0.039578,0.59105,0.99047,0.92378,0.91797,0.77574,0.055212,0.10727,0.97339,0.94213,0.92779,-0.24897,0.99154,0.33355,-0.20162,0.020132,0.4245,0.042418,-0.0011352,0.69643,0.74237,0.25086,0.94546,0.81852,0.34179,0.94828,0.76912,0.86376,0.82498,0.87078,0.29434,0.93052,0.74993,0.32242,0.71282,0.74764,0.52389,0.80541,0.18087,0.84581,0.18752,0.92034,0.7625,0.40531,0.91236,0.90583,0.92702,0.32211,0.081392,0.70316,0.81909,0.82537,0.45338,0.91174,0.2115,0.85071,0.82223,0.93146,0.047735,0.0067359,0.72875,0.25268,0.27152,0.31506,0.82707,0.62089,0.66711,0.18084,-0.001231,0.95625,0.052995,0.77039,0.74373,0.83723,-0.0016518,0.95341,0.006086,0.96793,0.96667,0.8666,0.68822,0.82349,0.29692,0.93201,0.97242,0.95378,0.97612,0.95631,0.83037,0.37516,0.87584,-0.0040708,0.98351,0.98489,0.92858,0.91699,0.18775,0.91339,0.46393,0.76765,0.25907,0.61249,0.89685,0.90882,-0.0015404,0.67434,0.87786,0.9746,0.81454,0.47811,0.80046,0.050811,0.2498,0.87118,0.8173,0.65978,0.47793,0.39538,0.023872,0.53213,0.024287,0.35518,0.56828,0.86508,0.36759,0.047676,0.66728,0.76492,0.60021,0.45631,0.56884,0.21596,0.11855,0.33858,0.73722,0.33653,-0.017909,-0.0045768,0.68669,0.4702,0.84248,0.13524,0.60045,0.90298,0.0005944,0.57877,0.48853,0.73345,0.7321,0.82244,0.57929,0.77504,0.26354,0.12281,0.7069,-0.0021464,0.62065,0.81827,0.93789,-0.016153,0.60514,0.15699,0.60439,0.80306,0.88802,0.030701,0.9296,0.033831,0.44305,0.86415,0.071558,0.17859,0.79696,0.79182,0.43935,0.75752,0.081629,0.28393,0.20008,0.97824,0.68953,0.094211,0.81381,0.099466,-0.018488,0.67434,0.75668,0.93978,0.94435,0.24905,0.056156,0.88662,0.032773,-0.00995,0.45806,0.17361,0.86609,0.68923,0.93559,0.020113,0.7651,0.44988,0.26508,-0.00045895,0.51942,0.45913,0.11633,0.0086835,0.81898,0.38686,0.29502,-0.00069052,0.079435,0.36444,0.78473,0.70135,0.4765,0.5389,0.01474,0.19768,0.85132,-0.005147,0.71542,0.67109,0.57369,0.78576,0.18388,0.027609,0.56193,0.66149,0.049632,0.87237,0.00014561,0.33557,-0.0098877,0.19761,0.30246,0.11319,0.28675,0.62841,0.84798,0.048683,0.9915,0.70086,0.45831,0.64391,0.70508,0.018425,0.6226,0.75179,0.19952,0.30049,0.015277,0.77131,0.20371,0.0018009,0.20606,0.23985,0.017026,0.29911,0.92671,0.021106,0.85602,0.85999,0.45034,0.90419,0.92916,0.76536,0.26455,0.50176,-0.035484,0.78509,0.88786,0.48721,0.40588,0.64202,0.91784,0.8646,0.65161,0.80481,0.97019,0.68226,0.86001,0.88712,0.27325,0.64526,0.70566,0.78057,0.01039,0.001832,0.90343,-0.00039805,0.86257,0.83571,0.90736,0.92227,0.92976,0.3962,0.99478,0.65245,0.95795,0.74183,0.98055,0.8523,0.97644,0.9652,0.88688,0.99204,0.88455,0.98789,0.99122,0.99434,0.98714,0.99143,0.99289,0.99421,0.94864,0.98983,0.9909,0.99326,0.98951,0.92602,0.94741,0.99475,0.95463,0.98981,0.98084,0.97608,-0.0060842,0.2586,0.87467,-0.00056476,0.70416,0.38196,0.82485,0.91453,0.88352,0.53599,0.72325,0.84856,0.92254,0.050818,0.97846,-0.020078,0.99451,0.21217,0.98776,0.98534,0.96318,0.90377,0.94273,0.97055,0.96157,0.94357,0.73008,0.0013882,0.79903,0.88382,0.098229,0.94119,0.39811,-1.6063e-05,0.12098,0.33647,0.98548,0.003309,0.80995,0.89366,0.9473,0.94187,0.7229,0.049334,0.64179,0.84731,0.26118,0.97824,0.96215,0.93958,0.91501,0.94401,0.89608,0.55961,0.47002,0.87038,0.98815,0.81588,0.73403,0.023229,0.51896,0.96719,0.83964,0.7958,0.6896,0.92362,0.92823,0.64077,0.35062,0.85884,0.85734,0.0086329,0.98335,0.96084,0.88684,0.88918,0.68381,0.072295,0.35112,0.9613,0.99191,0.99101,0.97268,0.99455,0.12712,0.92328,0.98688,0.98889,0.99216,0.991,0.67154,0.98531,0.77729,0.99194,0.28349,0.99437,0.3143,0.95663,0.99357,0.86875,0.99439,0.99325,0.99182,0.99365,0.99311,0.99252,0.56151,0.92003,0.988,0.98943,0.98526,0.9941,0.98189,0.99154,0.99433,0.99461,0.65653,0.94904,0.99194,0.9938,0.91713,0.9074,0.99292,0.99285,0.93593,0.99117,0.99425,0.99409,0.99227,0.92232,0.82755,0.8656,0.95703,0.65184,0.99374,0.9926,0.97867,0.88251,0.89502,0.98069,0.98593,0.39408,0.98015,0.879,0.99374,0.99384,0.99248,0.86805,0.99398,0.93381,0.98965,0.95872,0.43744,0.99246,0.99158,0.993,0.9938,0.98883,0.64815,0.78718,0.29338,0.84689,0.49503,0.78905,0.97809,0.94345,0.31537,0.98707,0.88038,0.98247,0.65542,0.94669,0.95414,0.59113,0.69286,0.85603,-0.058349,0.29412,0.93485,0.71207,0.79085,0.86534,0.98398,0.21372,0.83769,0.78295,0.8964,0.90144,0.75324,-0.0012661,0.3485,0.84637,0.84662,0.95746,0.8254,0.61891,0.87544,0.85036,0.97574,0.13015,0.74478,0.94623,0.98598,0.96581,0.021321,0.9718,0.9453,0.99156,0.95467,0.99113,0.95173,0.98701,0.97349,0.81632,0.98134,0.9931,0.99325,0.028728,0.90722,0.87642,0.98454,0.96798,0.97603,0.14109,0.97623,0.98865,0.99075,0.99046,0.92559,0.40188,0.97612,0.9643,0.85042,0.99467,0.27316,0.99292,0.088858,0.98578,0.99435,0.29449,0.94134,0.35215,0.99381,0.87505,0.91659,0.91359,0.58734,0.39141,-0.077645,0.53935,0.96817,0.66217,0.95088,0.50934,0.35911,0.62493,0.90174,0.91518,0.35963,0.35803,0.81713,0.8369,0.95055,0.98104,0.38985,0.81943,0.97463,0.035122,0.98944,0.95647,0.89275,0.48944,0.92937,0.78051,0.29473,0.7582,0.82978,0.99491,0.9792,0.99462,0.99252,0.9841,0.98789,0.98182,0.00074215,-0.015127,0.2428,0.39348,0.54105,0.91115,0.85481,0.58088,0.95546,0.88098,0.83035,0.14848,0.2262,0.78014,0.98958,0.6577,0.7584,0.82833,0.71553,0.91041,0.00025533,0.61402,0.34253,0.1714,0.98209,0.032421,0.95595,0.90313,0.67515,0.95859,0.34417,0.93864,0.85701,0.62039,0.51938,-1.1383e-05,0.0068339,-0.0074754,0.91884,0.56932,0.97079,0.93916,0.25942,0.98948,0.95918,0.9473,0.8121,0.15652,0.058527,0.53945,0.91659,-6.8123e-05,0.93225,0.42916,0.79671,0.93032,0.96886,0.68859,0.89604,0.69968,0.98182,0.82918,0.94892,0.96619,0.8591,0.52287,0.95311,0.95941,0.82738,0.70453,0.9423,0.84388,0.75397,0.91979,0.64978,0.33978,0.27294,0.88105,0.9629,0.60628,0.83361,0.32449,0.4261,0.9223,0.73903,-0.01404,0.91639,0.9309,0.93559,0.0038172,0.88741,0.72786,0.56255,0.64083,0.97205,0.70342,0.97535,0.96476,0.97274,0.70325,0.98105,0.9162,0.9896,0.98769,0.98599,0.34077,0.89575,0.025607,0.82994,0.85845,0.74006,0.75815,0.9858,0.98909,0.46871,0.9681,0.93161,0.88526,0.88699,0.95553,0.87713,0.049118,0.30122,0.29428,0.80618,0.98114,0.97555,0.92069,0.00095737,0.67143,0.01719,0.96558,0.72231,0.87508,0.85411,0.75836,0.43704,0.76473,0.79303,0.72957,0.79044,0.99156,0.84101,0.92475,0.96818,0.93761,0.60478,0.25082,0.87928,0.09031,0.91204,0.86531,0.84588,0.93613,-0.001453,0.86625,0.16475,-0.0032158,0.37987,0.97575,0.96737,0.96633,0.12503,0.94839,0.9066,0.030295,0.52879,0.99145,0.99262,0.99122,0.99446,0.98444,0.96241,0.72734,0.97447,0.9684,0.99116,0.96545,0.96373,0.99252,0.98186,0.95913,0.77618,0.89955,0.95205,0.1205,-0.0019898,0.95512,0.86645,0.93807,0.75465,0.73528,0.84864,-0.015537,0.98934,0.88249,0.93003,0.84696,0.88327,0.97865,0.97605,0.91805,0.33937,0.87547,0.61287,0.20193,0.92827,0.87739,0.96589,0.96056,0.97001,0.80633,0.6815,0.5666,0.11328,0.76237,0.95305,0.78471,0.25877,0.717,0.43372,0.76652,-0.026028,0.40603,0.79001,0.042364,0.93659,0.9299,0.98138,0.96643,0.059676,0.027972,0.97361,0.80793,0.75831,0.87471,0.91804,0.61716,0.97768,0.88405,0.85702,0.96836,0.76959,0.88562,0.23091,0.94464,0.96832,0.97511,0.72957,0.48223,0.75601,0.0051039,0.96926,0.90448,0.77052,0.29575,0.97502,0.94727,0.47681,0.55935,0.96755,0.84946,0.89404,-0.18435,0.034774,0.50822,0.27324,-9.9263e-05,0.95915,0.83145,0.96172,0.92666,-0.16439,0.79386,0.88069,0.52144,0.97462,0.94941,0.96533,0.97017,0.95024,0.9876,0.977,0.58642,0.94286,0.95267,0.63213,0.96163,0.62227,0.96086,0.94907,0.8796,0.88972,0.97097,0.96044,0.81562,0.86837,0.96115,0.16537,0.96177,0.98566,0.96993,0.058042,0.65993,0.79465,0.46683,0.91319,0.88389,0.96757,0.13512,0.98309,0.92517,0.098057,0.94901,0.93643,0.8133,0.02574,0.30342,0.20324,0.2767,0.075958,0.77558,0.55918,0.8318,0.89195,0.60119,0.97543,0.96946,0.23994,-0.054272,0.89526,0.94419,0.92214,0.31133,0.22631,-0.0085823,0.97192,0.93495,0.95578,0.89766,0.31965,0.89578,0.1191,0.92476,0.84336,0.57483,0.9762,0.97734,0.64679,0.027685,0.00028032,0.79107,0.63809,0.51519,0.60556,0.12255,0.9101,0.2794,0.054271,0.9408,0.97378,0.67318,0.89243,0.96931,0.37443,0.99148,0.99451,0.99472,0.85427,0.92582,0.91704,0.92565,0.98793,0.97625,0.9909,0.99177,0.34352,0.58759,0.55469,0.91796,0.96117,0.96683,0.79667,0.58211,0.35747,0.74032,0.24685,0.34843,0.93194,0.95192,0.95283,0.5173,0.94845,0.97267,0.88876,0.00035018,0.97822,0.8607,0.0066257,0.51793,0.61339,0.0054387,0.75669,0.78551,0.59401,0.67384,0.95055,0.82269,0.86965,0.81148,0.82021,0.9014,0.70824,0.16648,0.85863,0.88621,0.75716,0.04688,0.76899,0.42276,0.88519,0.96501,0.98543,0.96267,0.91844,0.88243,0.60897,0.53024,0.84042,0.845,0.76327,0.86482,0.081091,0.95541,0.12935,0.55639,0.43394,0.46788,0.75516,0.31348,0.95759,0.40136,0.84658,0.98683,0.8768,0.063896,0.84484,0.75191,0.57657,0.47264,0.94937,0.64115,0.91736,0.86977,0.90076,0.68598,0.3009,0.83492,0.16773,0.92345,0.80317,0.96406,0.92421,0.64848,0.83557,0.2485,0.84167,0.80928,0.18605,0.59275,0.11463,0.93093,0.36056,0.53756,0.79958,0.22374,0.7304,-0.00064739,0.72555,0.55159,0.73441,0.36643,0.95418,0.96363,0.92181,0.93843,0.95368,0.65285,0.49403,0.0079421,0.43748,0.62801,0.95337,0.75245,0.97058,0.75667,0.93002,0.91656,0.94049,0.93064,0.99357,0.97797,0.98527,0.9858,0.99263,0.99406,0.99432,0.57444,0.88955,0.99279,0.9884,0.98265,0.97849,0.99393,0.99407,0.97428,0.99213,0.81738,0.98275,0.99433,0.99474,0.99384,0.99099,0.27372,0.96356,0.9943,0.95004,0.6879,0.97902,0.991,0.98355,0.92328,0.99483,0.98682,0.98555,0.34533,0.40626,0.98928,0.97068,0.99481,0.99411,0.99441,0.94526,0.99277,0.99322,0.99475,0.99299,0.95587,0.99402,0.99429,0.99401,0.9928,0.98868,0.99039,0.99408,0.75485,0.98887,0.99475,0.99397,0.98828,0.59921,0.67969,0.99462,0.9203,0.99271,0.98984,0.97857,0.89104,0.80494,0.95853,0.78482,0.40404,0.50304,-0.0023977,0.97734,0.68917,0.44553,0.76995,0.72378,0.75418,0.80392,0.72023,0.52676,0.74556,0.91584,0.0012741,0.65902,0.47089,-0.013279,0.0083896,0.040087,0.54807,0.97063,0.98916,0.20165,-0.0049424,0.1489,0.54347,0.088684,0.97553,0.54939,0.9824,0.94629,0.93047,0.33209,0.9289,0.51393,0.28041,0.9831,0.94096,0.92813,0.83429,0.69511,0.85894,0.28857,0.39122,0.9537,0.89804,0.93976,0.9566,0.93989,0.50333,0.95367,0.90241,0.91262,-0.00034105,0.95108,0.89314,0.92942,0.94987,0.79068,0.57634,0.47351,0.91756,0.31455,0.72128,0.98612,0.94224,0.50991,0.38804,0.023344,0.98255,0.69339,0.6544,0.97996,0.74342,0.54286,0.89064,0.80024,0.88879,0.95159,0.93363,0.91547,0.45717,0.8936,0.9339,0.91828,0.59701,0.7673,0.9508,0.96123,0.90333,0.96376,0.55796,0.95567,0.96036,0.5166,0.93727,0.92859,0.28866,0.62159,0.85343,0.71862,0.95884,0.11733,0.93675,0.874,0.9667,0.97604,0.14709,0.084293,0.93878,0.00098012,0.69815,0.70341,0.58199,0.86975,0.79082,0.79209,0.87088,0.27081,0.10126,0.79455,0.93341,0.8783,0.93369,0.68656,0.88282,0.94595,0.21615,0.84032,-0.11923,0.7881,0.73428,0.8801,0.95969,0.023965,-0.0015833,0.9569,0.29427,0.93699,0.035236,0.045126,-0.0017136,0.89717,0.94428,-0.0086813,0.80565,0.79215,0.3392,0.2881,0.91215,0.49025,0.81464,0.97312,0.98423,0.93158,0.88432,0.80706,0.90046,0.56422,0.80328,0.84014,-0.0034819,0.8438,0.97167,0.097487,0.98497,0.98273,0.97089,0.98976,0.9763,0.97672,0.50079,0.95398,0.39497,0.93809,0.96469,0.99414,0.98224,0.99298,0.92001,0.86672,0.98345,0.8186,0.81311,0.98378,0.8391,0.98129,0.94591,0.9731,0.97352,0.57918,0.50849,0.83971,0.6809,0.96012,0.93883,0.94284,0.97975,0.52471,0.94738,0.97513,0.97997,0.13164,0.60758,0.23526,0.8991,0.9688,0.8847,0.0045683,0.88123,0.064677,0.90436,0.98645,0.8377,0.29287,0.89709,0.8014,0.23272,0.97701,0.89811,0.9871,0.27714,0.60713,0.81636,0.62488,0.74495,0.98646,0.80491,0.85021,0.83195,0.5318,0.92328,0.93933,0.089007,0.89062,0.021153,0.98106,0.39775,0.77396,0.90272,0.97793,0.8707,0.61072,0.2068,0.94947,0.85805,0.99478,0.95471,0.99139,0.99483,0.99301,0.9889,0.036851,0.84169,0.96868,0.52658,0.79903,0.96312,0.13855,0.20144,0.88216,0.70139,0.49753,0.71368,0.6871,0.90888,0.99456,0.88567,0.97923,0.96479,0.90357,0.93805,0.98042,0.90019,0.98181,0.79082,0.92186,0.97799,0.66573,0.49299,0.90774,0.49076,0.53809,0.86657,0.89047,0.28322,0.98126,0.87837,0.073084,0.93489,0.94239,0.95323,0.89743,0.73432,0.98812,0.97188,0.87164,-0.00021126,0.97201,0.47187,0.98635,0.97568,0.86285,0.99365,0.90845,0.94439,0.87611,0.84501,0.99211,0.93167,0.14872,0.98619,0.98053,0.94508,0.085531,0.97988,0.24768,0.89712,0.96256,0.97174,0.97643,0.98562,0.95698,0.72283,0.78923,0.36614,0.9109,0.94994,0.9735,0.85195,0.13543,0.71162,0.9902,0.93233,0.94807,0.78147,0.79479,0.16366,0.71887,0.49216,0.90606,0.0086218,0.42642,0.070819,0.97156,0.68187,0.83614,0.78982,0.89975,0.91803,0.30795,0.94745,0.94762,0.96499,0.97421,0.96811,0.98204,0.9607,0.94266,0.98503,0.70142,0.17782,0.74765,0.7095,0.57774,0.98194,0.9531,0.92252,0.99053,0.92787,0.96106,0.023301,0.97659,0.72198,0.98248,0.99128,0.98017,0.93739,0.99472,0.98731,0.38453,0.69941,0.97358,0.95503,0.98727,0.67928,0.91338,0.98459,0.94052,0.98141,0.99064,0.20277,0.63374,0.87657,0.97404,0.92528,0.9661,0.85674,0.80944,0.92797,0.43939,0.78932,0.75295,0.99447,0.98772,0.97324,0.97458,0.1439,0.88064,0.67238,0.81391,0.10221,0.23171,0.97028,0.96528,0.94491,0.79007,0.1103,0.93021,0.74407,-0.05384,0.8296,-0.0029022,0.9881,0.64895,0.93896,0.91982,0.9534,0.77928,0.76538,0.57809,0.95577,0.95623,0.8569,0.86426,0.3388,0.52389,0.97315,0.78648,0.94392,0.98352,0.9763,0.94119,0.93124,0.79306,0.98957,0.88186,-0.0050273,0.99062,0.95597,0.26518,0.98066,0.9815,0.89261,0.98315
